# sku probability
1000 7.10650001820046E-05
999 7.10816627444954E-05
998 7.13508779672351E-05
997 7.18046489813348E-05
996 7.19415044349647E-05
995 7.26707765878031E-05
994 7.27047442347838E-05
993 7.32449558125321E-05
992 7.38997818985045E-05
991 7.41483382797131E-05
990 7.45943767478199E-05
989 7.4620338676884E-05
988 7.46238592979496E-05
987 7.54243675417558E-05
986 7.73303373772024E-05
985 7.76293697995346E-05
984 7.79724064905543E-05
983 7.8270113222842E-05
982 7.83652590527502E-05
981 7.91680093481005E-05
980 7.94418817325181E-05
979 7.95799785042205E-05
978 8.03559116463947E-05
977 8.04093908285945E-05
976 8.05605289181176E-05
975 8.06652500466625E-05
974 8.07294634840992E-05
973 8.0738529291679E-05
972 8.175555727589E-05
971 8.21376657986121E-05
970 8.21958047021715E-05
969 8.31375384468648E-05
968 8.34260845902982E-05
967 8.37610656780376E-05
966 8.40881576580668E-05
965 8.41633217948118E-05
964 8.48568549115413E-05
963 8.49176122787826E-05
962 8.66641598423247E-05
961 8.72567704988026E-05
960 8.787043074253E-05
959 8.87150220539375E-05
958 8.94566506378362E-05
957 8.9531708682178E-05
956 9.04824890240594E-05
955 9.10833937634957E-05
954 9.13274935403559E-05
953 9.32639439576282E-05
952 9.3433365511603E-05
951 9.3557564530043E-05
950 9.41119404013432E-05
949 9.41963258177323E-05
948 9.45613346023038E-05
947 9.52496850209274E-05
946 9.53745588306362E-05
945 9.60398459566592E-05
944 9.62061262119885E-05
943 9.62754309453408E-05
942 9.81769879804809E-05
941 9.82126637527832E-05
940 9.84448415108662E-05
939 9.85198078054286E-05
938 9.88754934134241E-05
937 9.89763070122252E-05
936 9.9368228665436E-05
935 9.96603408604269E-05
934 0.000100379714239142
933 0.000100918226725478
932 0.000101052519346702
931 0.000101178871760308
930 0.000102286260612179
929 0.000102388876203869
928 0.000102861699486236
927 0.000102923807007908
926 0.00010320403742847
925 0.000103304676400009
924 0.00010336123411617
923 0.000103935518803743
922 0.000104444453053394
921 0.000104863008892351
920 0.000105604297116198
919 0.000105973173065727
918 0.000106055951091783
917 0.000106640194347286
916 0.000106877025788385
915 0.000107815383957542
914 0.000107862885391373
913 0.000108066395528215
912 0.000108922576851718
911 0.000109269565622905
910 0.000111191829625578
909 0.000112024868196478
908 0.000112302741131868
907 0.000112806155279904
906 0.000114534545614443
905 0.000114696382879657
904 0.000114846499029259
903 0.000115732935039569
902 0.000115863907548654
901 0.000116060794391328
900 0.000117032304999192
899 0.000117107325006489
898 0.000117899125958396
897 0.000118902236785423
896 0.000119516377904699
895 0.000119618715008351
894 0.000120001338580149
893 0.000120331645608307
892 0.000121921497822524
891 0.000122721529327067
890 0.000123150748374676
889 0.000123648897509299
888 0.000124101358289752
887 0.000124573171741053
886 0.000125870311995572
885 0.00012667741322268
884 0.000127035244534625
883 0.000127535669639088
882 0.000128410031963339
881 0.000128417890412244
880 0.000130674688327345
879 0.000130761600062212
878 0.00013235943917458
877 0.000132584876277725
876 0.000132803407276967
875 0.000133878358490585
874 0.00013542830825408
873 0.000136424951923754
872 0.000136691485408632
871 0.000136727836128625
870 0.000138443824375
869 0.000139336669844877
868 0.0001394918048612
867 0.000140209184535774
866 0.000144830695203314
865 0.000146579061372377
864 0.000146599335875888
863 0.000147496548388285
862 0.000147974050403117
861 0.000148952867007303
860 0.000149234242778197
859 0.000149815630165709
858 0.000149943439499095
857 0.000151376894134216
856 0.00015182513413463
855 0.000151864500343419
854 0.000154453940966896
853 0.000155193020776158
852 0.000155386201172743
851 0.000155852187136349
850 0.000156304394616235
849 0.000156799922750693
848 0.000157626612629163
847 0.000157868184693207
846 0.00016005987830154
845 0.000161348138926029
844 0.000161592135843067
843 0.000163689949672552
842 0.000165000642619089
841 0.000166273246962646
840 0.000166316710333291
839 0.000166921744870922
838 0.000167271673316775
837 0.000167373417095169
836 0.000168501879167661
835 0.000169780801497816
834 0.000169826690259719
833 0.0001702347551731
832 0.000170778624109553
831 0.00017279139393257
830 0.000174246983399121
829 0.000174661785736046
828 0.000174741403505165
827 0.000176098823329922
826 0.000176593707487272
825 0.000176683665098019
824 0.000176943708609337
823 0.000177002385271752
822 0.000177443366622741
821 0.000179310019650725
820 0.000181014340449691
819 0.00018438192348445
818 0.00018762678670812
817 0.000187796521814397
816 0.000189236081249177
815 0.000192198387634251
814 0.000193532163884979
813 0.000193966510227787
812 0.00019412468720399
811 0.000194237741544941
810 0.000194345203174807
809 0.000195064260283594
808 0.000195841028854599
807 0.0001975438181177
806 0.000198629600347253
805 0.000198895567214099
804 0.000200170148439925
803 0.000200308273874484
802 0.000200465167339342
801 0.000200925911043276
800 0.000201030174092881
799 0.000201034205041061
798 0.000201541752698586
797 0.000201549445022335
796 0.000201631634756225
795 0.000201742097628938
794 0.000201852190872976
793 0.000202557351974445
792 0.000204541812979156
791 0.000206120306289547
790 0.000206732197841782
789 0.000207522447729515
788 0.000208503741511119
787 0.00021008176227885
786 0.000210417824695766
785 0.000210935767272477
784 0.000211778308483369
783 0.000212472842226376
782 0.000212564071595702
781 0.000212613847356909
780 0.000212682096449915
779 0.000212717955096487
778 0.000213519793777676
777 0.000215050168053741
776 0.000215177177430524
775 0.000215627597079197
774 0.000215653179403637
773 0.000216195507712567
772 0.000216195631018195
771 0.000216396238226133
770 0.000216667022969601
769 0.000218638850566831
768 0.000219363169010121
767 0.000222124237097646
766 0.00022270566227439
765 0.000224818028610281
764 0.000226872178974699
763 0.000227748333872799
762 0.000230321539559442
761 0.000230549014304632
760 0.000230882959558662
759 0.000233336485895771
758 0.000233626499770976
757 0.000236754044125639
756 0.000237668148355978
755 0.000238220797225843
754 0.000238544879431569
753 0.000240863300999999
752 0.00024226891681376
751 0.000242481634010617
750 0.000243549685918619
749 0.000244213415294827
748 0.000244413102838061
747 0.000244429944177311
746 0.000244530256977206
745 0.000244706434013499
744 0.000245055399229849
743 0.000246846338725957
742 0.000247003525889083
741 0.000247474467809043
740 0.000248988260804637
739 0.000249763999028729
738 0.000251246148022441
737 0.000254032916277497
736 0.000254503404454541
735 0.000256132339289105
734 0.00025852807869153
733 0.000259604203431987
732 0.000260185909729583
731 0.000261277717684441
730 0.000261842560866789
729 0.00026237719136325
728 0.000262821197590727
727 0.000263904617144176
726 0.000263997556305113
725 0.000264084380676473
724 0.000264888053739239
723 0.000265296846857263
722 0.000266121735141596
721 0.000266477371010786
720 0.00026670371172348
719 0.000268206228288528
718 0.000268207510348881
717 0.00026940278613105
716 0.000271724694082881
715 0.00027237846484973
714 0.000273214156310305
713 0.000274401943549249
712 0.000274830207962562
711 0.0002765340024892
710 0.000276958950797028
709 0.000277197323310863
708 0.000278867238507854
707 0.00028012165878977
706 0.000281557597087846
705 0.000281972837057217
704 0.000282238485918392
703 0.000282275005171143
702 0.00028334155391793
701 0.000283588030476414
700 0.000283767308372344
699 0.000285958720022263
698 0.000287351065016005
697 0.000288846254591755
696 0.000289041052088494
695 0.000289381034543965
694 0.000289951375532806
693 0.000293110321002406
692 0.000295518874014246
691 0.00029552016941598
690 0.000300780833552866
689 0.000301579652016978
688 0.000303922031765849
687 0.000305325241003548
686 0.000305543599753985
685 0.000306019408100651
684 0.000306329339547681
683 0.000307359978127472
682 0.000308071960920094
681 0.000308734980940433
680 0.000308860223945602
679 0.00031349019825079
678 0.000313999069982955
677 0.000314817258926359
676 0.000316833611186193
675 0.000316918088472754
674 0.000318343814894188
673 0.000319285159476781
672 0.000319510122152491
671 0.000319662192945247
670 0.000320842023364318
669 0.00032224835926069
668 0.000325438357857208
667 0.000327655279931798
666 0.000331564280213632
665 0.00033353268725888
664 0.000333879817454046
663 0.000333948880486794
662 0.00033430699384016
661 0.000335744821882058
660 0.000336010946248265
659 0.000336915975288209
658 0.000338662487807528
657 0.00033875097380858
656 0.000339018436985093
655 0.000343845499294049
654 0.000345457503503408
653 0.000347575369769596
652 0.000348058241695636
651 0.000349048628150376
650 0.000349413840712158
649 0.000349793307520275
648 0.000350031120701563
647 0.000350241765118905
646 0.000352318048411703
645 0.000352693762578506
644 0.000353960322505224
643 0.000354067756918078
642 0.000354254573749435
641 0.000355605787814457
640 0.000356560983869143
639 0.000357237668861298
638 0.000357454114637573
637 0.000358560938130184
636 0.000359188524460971
635 0.000359629328491828
634 0.000362358210769002
633 0.000362543711425628
632 0.000365052639851934
631 0.000366735376300794
630 0.000367736494095603
629 0.000368913544375029
628 0.000372139523234237
627 0.000372416809428963
626 0.000373879821990024
625 0.000376814576099195
624 0.000380643790658039
623 0.000380875405149274
622 0.000381616197092395
621 0.000381855866174097
620 0.0003825045552009
619 0.000385752390748619
618 0.000386329528600576
617 0.000386488038454013
616 0.000386490151618274
615 0.000388331629094038
614 0.000389742562403051
613 0.000391024150827631
612 0.000391378809913799
611 0.000393882866505339
610 0.000396709526953006
609 0.000398672466622133
608 0.00040006428522572
607 0.000400602773003938
606 0.000400636753592429
605 0.000405201118281601
604 0.000406834942667462
603 0.000407222404109819
602 0.000407994462429845
601 0.000413743337583904
600 0.000414204645340037
599 0.000414714492323181
598 0.000414750258174904
597 0.000416911544845586
596 0.0004178536059824
595 0.000418059687562671
594 0.000419440616542177
593 0.000420945284118609
592 0.000421704602564635
591 0.000424027288675991
590 0.000424793693111256
589 0.000428101960170091
588 0.000428399176960954
587 0.000429658838718631
586 0.000431207095799256
585 0.000432475488385121
584 0.000433105388367111
583 0.000433401290988691
582 0.000435203738235425
581 0.000436081665715546
580 0.00043837106721781
579 0.000439838694075867
578 0.000440298851943568
577 0.000441116513249782
576 0.000442140513315108
575 0.000443753987191916
574 0.000447108751139882
573 0.000448402715926559
572 0.000448739851853987
571 0.000449499871047233
570 0.000451803546405789
569 0.000452490538786857
568 0.000455355394866255
567 0.000458004054432379
566 0.000459177916691313
565 0.000461490578146277
564 0.000463337031713561
563 0.000463374791533477
562 0.000464262602330482
561 0.00046520993835747
560 0.000465434420565427
559 0.000467628660144334
558 0.00047163032838425
557 0.000472625843690331
556 0.000474902186049584
555 0.000475391602263914
554 0.000477394848025284
553 0.000478495511931707
552 0.000480095382813842
551 0.000480299497922023
550 0.000482225359843859
549 0.000482434756463318
548 0.000482547093141657
547 0.000485690469511409
546 0.000489080043582556
545 0.000493692543653967
544 0.00049632956401931
543 0.000497047831940811
542 0.000497630114018347
541 0.000499073697868293
540 0.000504687975943475
539 0.00050569590551603
538 0.000508243822021102
537 0.000509280765926627
536 0.000510326320367751
535 0.000510761470240805
534 0.000511525141137212
533 0.00051533929651722
532 0.000515944380634194
531 0.000516407068238614
530 0.000517361166512607
529 0.000517402082752106
528 0.000519572221461218
527 0.000520176700646845
526 0.00052613522305014
525 0.000526973974806781
524 0.000527636461551982
523 0.000527647977078667
522 0.000534192929926878
521 0.000534877200425867
520 0.000536906850772046
519 0.000536977531207589
518 0.000537025697299051
517 0.0005373039228818
516 0.000537943301190989
515 0.000538642230012757
514 0.000541930169297419
513 0.000544812629637063
512 0.00054840088553823
511 0.000551370307156083
510 0.000552726446334752
509 0.00055309784996591
508 0.000556311797053211
507 0.000556413415764934
506 0.000556917300566642
505 0.000558402307300939
504 0.000562536493200806
503 0.000563008408071354
502 0.000563073131915595
501 0.000563600629649942
500 0.000563658634523238
499 0.000564238961305182
498 0.000567336218745613
497 0.000567550741810743
496 0.000573293184727592
495 0.000573744128967652
494 0.000574586410194039
493 0.000574772788421446
492 0.000575565971865878
491 0.000575766147388359
490 0.000575981110833641
489 0.000577684293664
488 0.000577730923446308
487 0.000579681790963381
486 0.000581988581877336
485 0.000582365537043038
484 0.000582685722438832
483 0.000590361167559373
482 0.000591045232675346
481 0.000593057674339487
480 0.000595110332328542
479 0.000595316473771416
478 0.000596081630056461
477 0.000597697054446966
476 0.000607214312509623
475 0.000609863810073197
474 0.000610189455318362
473 0.000611816487749549
472 0.000615449225571674
471 0.000616957541553038
470 0.000618325492723626
469 0.000619222223085444
468 0.00062005666289369
467 0.000620742048433297
466 0.000620853330760865
465 0.000625007205386608
464 0.000626052312988922
463 0.000626393665754942
462 0.000632266332928277
461 0.000634128982706453
460 0.000635202332541039
459 0.0006371395816791
458 0.000637883122773309
457 0.000639998383766267
456 0.000640709703681364
455 0.00064287962823007
454 0.00064968287135239
453 0.000651958976622442
452 0.000652495457705964
451 0.000654993579436741
450 0.000655461670602814
449 0.000656468821424326
448 0.000657378901927089
447 0.000658528022628285
446 0.000658559449920013
445 0.00065955207911421
444 0.00066093332755545
443 0.000661237450102156
442 0.000662825126987147
441 0.000663751220180186
440 0.000665236385138185
439 0.000666130111212939
438 0.000668417025922541
437 0.000668811571448815
436 0.000669381747726294
435 0.000669786942527615
434 0.00067129323130197
433 0.000671831150781187
432 0.000673118297442236
431 0.000673289960666324
430 0.000674776405918783
429 0.000678976697392385
428 0.000691475178007329
427 0.000691778097002771
426 0.000695645547472709
425 0.000696374393990683
424 0.000700281694875781
423 0.000700335230921531
422 0.000700421913513731
421 0.000700772328991322
420 0.000702945373470538
419 0.000703595100780381
418 0.000703815491259388
417 0.000705021649921157
416 0.000705693349742082
415 0.000705812101272306
414 0.000706880787628676
413 0.000707885027968123
412 0.000709384993411109
411 0.00070951219750873
410 0.000712588120954175
409 0.000717573826114074
408 0.000720858622710129
407 0.000724785879308066
406 0.00072887869169486
405 0.000741697469487946
404 0.000743098876560342
403 0.000746242734045393
402 0.000750235661641781
401 0.00075240480395748
400 0.000754166641597707
399 0.000755592546399394
398 0.000757211764473023
397 0.000757547791824062
396 0.000758679495175832
395 0.000761647749834877
394 0.000763785350695161
393 0.000765934123268473
392 0.000766515161006936
391 0.000766990638500309
390 0.000767906120813733
389 0.000769411412397014
388 0.00077057601980164
387 0.00077347114462423
386 0.000773993077625989
385 0.000774343031614877
384 0.00079697227031954
383 0.000797978167109281
382 0.000800173029950248
381 0.000810276777970677
380 0.000811307356299038
379 0.000814214513439364
378 0.000817282170772312
377 0.000817538270941876
376 0.000823714681429494
375 0.000828462052536963
374 0.000830381873511474
373 0.000831574114976411
372 0.000834200510973905
371 0.000838525383574478
370 0.000842524310392915
369 0.000843405056991716
368 0.000848660692604119
367 0.000849133366123588
366 0.000849808241821804
365 0.000854421902280308
364 0.00085643852569161
363 0.000858029797080607
362 0.000858285283977143
361 0.000859080179628308
360 0.000859814590010923
359 0.000862125336793988
358 0.000863706737011469
357 0.000869064731707433
356 0.000871156025259995
355 0.000872933296686581
354 0.000873198254092887
353 0.000876193494121694
352 0.00087974823025666
351 0.000881411050750616
350 0.000890009346389351
349 0.000891570676510789
348 0.000892948243935716
347 0.000893846162745937
346 0.00089604236998312
345 0.000898563918278827
344 0.000905142341410031
343 0.000907021328403373
342 0.000909802788658022
341 0.000910705261196998
340 0.000916434530873102
339 0.000922087756492752
338 0.00094129956471851
337 0.000943411149622364
336 0.000947785160738926
335 0.000948527515023948
334 0.000950829027302577
333 0.000962683138971263
332 0.000967584429624968
331 0.000968333640712159
330 0.000970554241039098
329 0.000972912675155789
328 0.000973557311965637
327 0.000976048267059964
326 0.000986454051979797
325 0.000986459336609589
324 0.000996928258060924
323 0.000997858165432166
322 0.00100224993219655
321 0.00100731763137461
320 0.00101446544936318
319 0.00101563003229361
318 0.00101873801332554
317 0.00102569888882605
316 0.00103209975399219
315 0.00103229192587726
314 0.0010347306610888
313 0.00103882650786209
312 0.00104248742929363
311 0.00104488706627751
310 0.00104733931511821
309 0.00105419404963487
308 0.0010543585308066
307 0.00105988395606719
306 0.00106212522113499
305 0.00106498662232429
304 0.00107271399276881
303 0.00107692988664983
302 0.00107707635200326
301 0.001082733520753
300 0.00108287897505096
299 0.00108954778172936
298 0.00109167729924492
297 0.00109338902946676
296 0.00112042795641808
295 0.00112331439269007
294 0.00112586232052068
293 0.00112958284620278
292 0.00113238024319898
291 0.00114110176468514
290 0.00114214117646863
289 0.00114822874935398
288 0.00115611082778573
287 0.00115737183124901
286 0.00116279179769345
285 0.00116644647340131
284 0.00118299912740479
283 0.00118656485520034
282 0.00118701043590912
281 0.00119521807072166
280 0.00121136979489378
279 0.00121487572074475
278 0.00121506416299242
277 0.00121740658985759
276 0.00122010623401593
275 0.00124811805353589
274 0.00125166196556084
273 0.00125527620396436
272 0.00126055434702381
271 0.00126528092096679
270 0.00126590630712994
269 0.00126630295162695
268 0.00127876017642615
267 0.00128045534585602
266 0.00128293231185787
265 0.00128343060445029
264 0.0012858666112906
263 0.00128903406671804
262 0.00128933080807899
261 0.00129366269091578
260 0.00129615739986283
259 0.00129975935196555
258 0.00129998498604444
257 0.00130275036718367
256 0.00130642743451453
255 0.00130847264935482
254 0.0013105159616335
253 0.00131458773414877
252 0.00131813217717895
251 0.0013186685581899
250 0.00131922400246563
249 0.0013206439455688
248 0.00133162373460102
247 0.00133381964761611
246 0.00133805632111572
245 0.00134347687605432
244 0.00134485848625303
243 0.00134527499487511
242 0.00134822779917228
241 0.00135702870295254
240 0.00135792229702184
239 0.00137668095168408
238 0.00137849938446121
237 0.00138167491033695
236 0.00139057801650266
235 0.00139834585052826
234 0.00139952372970598
233 0.00140272158192782
232 0.00141102355485922
231 0.00141390964065885
230 0.00141669889437554
229 0.00143857924086728
228 0.00144221130772508
227 0.00145589198970824
226 0.00145888888693746
225 0.0014672261882338
224 0.0014696227578775
223 0.00146964918827575
222 0.00147780066415223
221 0.00148663127965841
220 0.00148666521698361
219 0.00150211500537026
218 0.00150421072820855
217 0.00150470690754818
216 0.00151409825148068
215 0.00151910646637828
214 0.00152622631957597
213 0.00152959553672119
212 0.00153170409778499
211 0.00153291640718104
210 0.00154551424311382
209 0.00154614634698798
208 0.00155080701663385
207 0.00155303380548559
206 0.0015574334545335
205 0.0015625130058543
204 0.00156809728680753
203 0.00157549535105743
202 0.00159710176464053
201 0.00161336476130208
200 0.00161546269170615
199 0.00162872273585181
198 0.00164120846812278
197 0.00164188022687223
196 0.00164457165011582
195 0.00164941577667676
194 0.00165707432605433
193 0.00165801941173729
192 0.00166003773939279
191 0.00167482106919267
190 0.00167485254117515
189 0.00167798358954037
188 0.00168093591694962
187 0.00168363897013449
186 0.00169112330897872
185 0.0016917952394076
184 0.00170437067080463
183 0.00170598999921868
182 0.00171373706228116
181 0.00171880067001134
180 0.00171887873004736
179 0.00172702934879959
178 0.00172815759289485
177 0.0017483706093536
176 0.00176841442312286
175 0.00178714240101077
174 0.00179114972596079
173 0.00180036600617293
172 0.0018102009482201
171 0.00181083181267725
170 0.00183629132199427
169 0.00183762319530062
168 0.00184209174712918
167 0.00184708158758854
166 0.00186038089463999
165 0.00187640614820976
164 0.00187704430901417
163 0.00190212066596845
162 0.00190973140838391
161 0.00193696057817063
160 0.00194343871248174
159 0.00194715502054069
158 0.00196728369805656
157 0.00196917230237331
156 0.00198141691384037
155 0.00198163005828614
154 0.00198573018244165
153 0.00199939147278044
152 0.00201006871492651
151 0.00201075507255487
150 0.00202104846465895
149 0.00203831038594603
148 0.00205139307768214
147 0.00207840256450971
146 0.00210731419431678
145 0.00210773235356992
144 0.0021239039535771
143 0.00213673728878528
142 0.00214016269746041
141 0.00215983437954449
140 0.00216777717890429
139 0.00217223838571055
138 0.00219681475597262
137 0.00220537088263016
136 0.00220580436160122
135 0.00222696511763248
134 0.00222780366537344
133 0.00224734462250057
132 0.00225166180171729
131 0.00225404842124908
130 0.0022742411403697
129 0.0022782513289633
128 0.00229103627146943
127 0.00230110227929391
126 0.00230956900655346
125 0.00231607195592253
124 0.00231795715990392
123 0.0023199054622375
122 0.00232219514134273
121 0.0023295920161778
120 0.00233394037208761
119 0.00234404875320718
118 0.00234863920120913
117 0.00237284598970607
116 0.00238442092862095
115 0.00238917965984445
114 0.00239806314565774
113 0.00239970582891956
112 0.00241312851582238
111 0.00241521601560005
110 0.00242553489242323
109 0.00242735202819842
108 0.00243242394877614
107 0.00246154126043519
106 0.00247210628689975
105 0.00248782662715134
104 0.00249143886497885
103 0.00249254146127103
102 0.00250659062285663
101 0.00253366942008081
100 0.00253931477958098
99 0.00254431525993534
98 0.00256916244674663
97 0.00257459074347878
96 0.00257685835061171
95 0.00258179828209127
94 0.00258805611233349
93 0.00260162333814745
92 0.0026646966844857
91 0.0026725605724164
90 0.00267684095602212
89 0.00268627275984153
88 0.00269570797780124
87 0.00273455688480257
86 0.00276668693681883
85 0.00278849167894665
84 0.00279706845499212
83 0.00285435910818991
82 0.00286002472264506
81 0.0028830410946539
80 0.00288570503496094
79 0.0029509875036609
78 0.00296781953155535
77 0.00297705429734767
76 0.0030025813901084
75 0.0030313101719426
74 0.0030696020236323
73 0.00307357127734801
72 0.00310708420881887
71 0.00310789091624634
70 0.00311039123964436
69 0.00315331033016857
68 0.00321730401763192
67 0.00322204098090487
66 0.0032534677106731
65 0.00326662000840256
64 0.0032729611250831
63 0.00328618378553169
62 0.00329094930488542
61 0.00329129391328107
60 0.00330261077727636
59 0.00336003547183541
58 0.00336828274358821
57 0.0033734091465357
56 0.00340088190620343
55 0.00340391364559736
54 0.00340671924039726
53 0.00346721661639404
52 0.00350433161772136
51 0.003517305902275
50 0.00352966849973912
49 0.0035394749108825
48 0.00356438433149249
47 0.00357830274795735
46 0.00359316709524003
45 0.00360027862845925
44 0.00361971143955127
43 0.00376969526259386
42 0.00378029772813327
41 0.00378381346991977
40 0.00379117453708842
39 0.00382046014881475
38 0.00384921356224394
37 0.00392446483762493
36 0.00393274574862244
35 0.00399443457263996
34 0.00400501597416836
33 0.00412058763554387
32 0.0041231256717096
31 0.00413736594321965
30 0.00415088338863915
29 0.00419910533106709
28 0.00424357114963708
27 0.00433967662612105
26 0.00435556790427486
25 0.00438077322619787
24 0.00441064683318131
23 0.00443845133999837
22 0.00444703354184884
21 0.00446841519064624
20 0.00449054848194961
19 0.00451892273216127
18 0.00454186912063198
17 0.00464462660380426
16 0.00464972363964817
15 0.00465357439002497
14 0.00482348159966827
13 0.00485843677864185
12 0.00491073241901027
11 0.00494922789705549
10 0.00501602207652128
9 0.00511507365777286
8 0.00521425653408607
7 0.00540475348283479
6 0.00568562340951628
5 0.0058857073214596
4 0.00618794926077917
3 0.00625171996731131
2 0.00644828492929529
1 0.00655372335887593
