% time handles
0 0
10 0
20 0
30 0
40 1
50 2
60 2
70 2
80 2
90 3
100 2
110 2
120 2
130 3
140 4
150 3
160 4
170 3
180 4
190 4
200 4
210 4
220 3
230 3
240 3
250 2
260 2
270 2
280 3
290 4
300 3
310 3
320 3
330 3
340 3
350 3
360 3
370 4
380 4
390 4
400 5
410 4
420 5
430 4
440 3
450 3
460 1
470 2
480 1
490 2
500 4
510 5
520 6
530 5
540 5
550 4
560 2
570 1
580 1
590 1
600 2
610 3
620 4
630 5
640 4
650 4
660 3
670 2
680 1
690 0
700 0
710 1
720 2
730 2
740 2
750 2
760 2
770 1
780 0
790 2
800 3
810 3
820 3
830 3
840 3
850 1
860 1
870 2
880 3
890 3
900 3
910 3
920 3
930 2
940 1
950 2
960 3
970 3
980 4
990 4
1000 4
1010 3
1020 2
1030 2
1040 1
1050 1
1060 2
1070 2
1080 2
1090 2
1100 3
1110 3
1120 2
1130 2
1140 3
1150 4
1160 2
1170 2
1180 3
1190 4
1200 3
1210 2
1220 2
1230 3
1240 3
1250 3
1260 4
1270 5
1280 5
1290 4
1300 3
1310 2
1320 2
1330 2
1340 3
1350 4
1360 4
1370 4
1380 3
1390 3
1400 2
1410 2
1420 2
1430 2
1440 3
1450 2
1460 2
1470 1
1480 2
1490 2
1500 1
1510 1
1520 2
1530 3
1540 2
1550 2
1560 2
1570 3
1580 2
1590 2
1600 2
1610 3
1620 3
1630 2
1640 2
1650 2
1660 2
1670 2
1680 2
1690 2
1700 2
1710 2
1720 3
1730 3
1740 4
1750 5
1760 5
1770 4
1780 3
1790 2
1800 2
1810 1
1820 1
1830 2
1840 2
1850 2
1860 2
1870 2
1880 4
1890 4
1900 5
1910 5
1920 4
1930 4
1940 3
1950 2
1960 2
1970 2
1980 3
1990 4
2000 3
2010 3
2020 3
2030 3
2040 2
2050 2
2060 2
2070 2
2080 1
2090 2
2100 4
2110 3
2120 3
2130 4
2140 5
2150 4
2160 2
2170 2
2180 2
2190 1
2200 1
2210 2
2220 3
2230 4
2240 4
2250 4
2260 3
2270 3
2280 3
2290 2
2300 3
2310 5
2320 6
2330 5
2340 4
2350 5
2360 4
2370 3
2380 3
2390 3
2400 3
2410 2
2420 4
2430 3
2440 3
2450 4
2460 5
2470 5
2480 3
2490 3
2500 2
2510 2
2520 2
2530 2
2540 2
2550 3
2560 4
2570 3
2580 2
2590 2
2600 2
2610 2
2620 2
2630 2
2640 2
2650 2
2660 2
2670 2
2680 1
2690 2
2700 3
2710 4
2720 4
2730 3
2740 4
2750 4
2760 3
2770 3
2780 3
2790 4
2800 3
2810 3
2820 3
2830 2
2840 2
2850 3
2860 4
2870 3
2880 4
2890 4
2900 4
2910 3
2920 2
2930 3
2940 4
2950 5
2960 5
2970 5
2980 5
2990 4
3000 2
3010 2
3020 2
3030 2
3040 4
3050 4
3060 5
3070 4
3080 5
3090 4
3100 2
3110 3
3120 3
3130 4
3140 4
3150 4
3160 5
3170 4
3180 4
3190 4
3200 3
3210 4
3220 5
3230 5
3240 4
3250 4
3260 4
3270 4
3280 3
3290 4
3300 4
3310 3
3320 3
3330 3
3340 3
3350 2
3360 2
3370 3
3380 4
3390 4
3400 4
3410 4
3420 4
3430 4
3440 3
3450 2
3460 3
3470 3
3480 3
3490 2
3500 4
3510 4
3520 2
3530 3
3540 4
3550 4
3560 3
3570 3
3580 4
3590 3
3600 2
3610 2
3620 1
3630 2
3640 1
3650 1
3660 1
3670 2
3680 2
3690 2
3700 2
3710 2
3720 2
3730 1
3740 1
3750 0
3760 1
3770 1
3780 2
3790 2
3800 3
3810 3
3820 3
3830 3
3840 2
3850 2
3860 1
3870 1
3880 0
3890 1
3900 1
3910 1
3920 1
3930 1
3940 2
3950 1
3960 1
3970 1
3980 1
3990 2
4000 2
4010 2
4020 2
4030 2
4040 2
4050 3
4060 3
4070 3
4080 3
4090 4
4100 4
4110 2
4120 1
4130 1
4140 1
4150 1
4160 2
4170 3
4180 4
4190 4
4200 4
4210 3
4220 2
4230 2
4240 1
4250 2
4260 2
4270 4
4280 4
4290 4
4300 4
4310 4
4320 4
4330 2
4340 3
4350 2
4360 3
4370 3
4380 4
4390 5
4400 4
4410 4
4420 3
4430 3
4440 2
4450 3
4460 4
4470 5
4480 5
4490 4
4500 4
4510 2
4520 1
4530 1
4540 3
4550 3
4560 3
4570 3
4580 3
4590 2
4600 0
4610 0
4620 2
4630 2
4640 3
4650 3
4660 3
4670 3
4680 1
4690 1
4700 0
4710 0
4720 2
4730 3
4740 3
4750 3
4760 4
4770 4
4780 2
4790 2
4800 2
4810 2
4820 1
4830 2
4840 2
4850 1
4860 2
4870 2
4880 3
4890 3
4900 3
4910 3
4920 3
4930 3
4940 2
4950 2
4960 2
4970 3
4980 2
4990 2
5000 2
5010 2
5020 3
5030 2
5040 2
5050 2
5060 2
5070 1
5080 0
5090 0
5100 0
5110 1
5120 1
5130 1
5140 1
5150 2
5160 3
5170 2
5180 2
5190 3
5200 3
5210 2
5220 1
5230 2
5240 3
5250 2
5260 3
5270 3
5280 3
5290 2
5300 1
5310 2
5320 2
5330 2
5340 3
5350 3
5360 4
5370 3
5380 3
5390 4
5400 3
5410 3
5420 3
5430 4
5440 3
5450 3
5460 3
5470 4
5480 3
5490 3
5500 3
5510 3
5520 4
5530 3
5540 3
5550 2
5560 2
5570 2
5580 1
5590 2
5600 2
5610 3
5620 3
5630 2
5640 2
5650 1
5660 2
5670 1
5680 1
5690 2
5700 3
5710 3
5720 2
5730 2
5740 3
5750 3
5760 3
5770 3
5780 4
5790 4
5800 3
5810 2
5820 3
5830 4
5840 3
5850 4
5860 5
5870 5
5880 3
5890 3
5900 3
5910 3
5920 2
5930 2
5940 4
5950 3
5960 4
5970 3
5980 4
5990 4
6000 2
6010 3
6020 2
6030 2
6040 2
6050 2
6060 3
6070 3
6080 3
6090 3
6100 3
6110 3
6120 3
6130 2
6140 3
6150 4
6160 3
6170 3
6180 3
6190 4
6200 4
6210 3
6220 3
6230 4
6240 4
6250 3
6260 2
6270 2
6280 3
6290 2
6300 3
6310 3
6320 3
6330 3
6340 3
6350 4
6360 3
6370 5
6380 5
6390 5
6400 4
6410 3
6420 2
6430 1
6440 2
6450 2
6460 2
6470 2
6480 3
6490 2
6500 1
6510 2
6520 2
6530 3
6540 2
6550 2
6560 2
6570 3
6580 4
6590 4
6600 4
6610 4
6620 4
6630 3
6640 2
6650 2
6660 2
6670 2
6680 2
6690 1
6700 3
6710 2
6720 2
6730 3
6740 3
6750 3
6760 2
6770 2
6780 2
6790 2
6800 2
6810 2
6820 2
6830 3
6840 3
6850 2
6860 3
6870 4
6880 3
6890 2
6900 2
6910 3
6920 2
6930 1
6940 1
6950 2
6960 3
6970 3
6980 4
6990 5
7000 5
7010 4
7020 3
7030 2
7040 3
7050 2
7060 4
7070 4
7080 4
7090 5
7100 3
7110 3
7120 2
7130 3
7140 4
7150 3
7160 4
7170 4
7180 3
7190 2
7200 1
