% time handles
0 0
10 0
20 0
30 0
40 0
50 0
60 0
70 0
80 0
90 0
100 0
110 0
120 1
130 1
140 1
150 2
160 2
170 2
180 1
190 1
200 2
210 1
220 1
230 1
240 1
250 1
260 0
270 0
280 0
290 0
300 0
310 0
320 0
330 0
340 0
350 0
360 0
370 0
380 0
390 0
400 0
410 0
420 0
430 0
440 0
450 0
460 0
470 0
480 0
490 0
500 0
510 2
520 3
530 3
540 3
550 3
560 3
570 1
580 0
590 0
600 0
610 0
620 0
630 0
640 1
650 1
660 1
670 1
680 1
690 1
700 0
710 0
720 0
730 0
740 0
750 0
760 0
770 0
780 0
790 0
800 0
810 0
820 0
830 0
840 0
850 0
860 0
870 0
880 0
890 0
900 0
910 0
920 0
930 0
940 0
950 0
960 1
970 2
980 2
990 2
1000 2
1010 2
1020 1
1030 0
1040 0
1050 1
1060 1
1070 1
1080 1
1090 1
1100 1
1110 2
1120 2
1130 2
1140 2
1150 3
1160 3
1170 1
1180 1
1190 1
1200 1
1210 0
1220 0
1230 0
1240 0
1250 0
1260 0
1270 1
1280 2
1290 2
1300 2
1310 2
1320 2
1330 1
1340 1
1350 1
1360 1
1370 1
1380 1
1390 1
1400 0
1410 0
1420 1
1430 1
1440 1
1450 1
1460 1
1470 1
1480 0
1490 1
1500 1
1510 1
1520 1
1530 1
1540 1
1550 0
1560 0
1570 0
1580 0
1590 0
1600 1
1610 1
1620 1
1630 1
1640 1
1650 1
1660 0
1670 0
1680 0
1690 0
1700 0
1710 0
1720 0
1730 0
1740 0
1750 0
1760 0
1770 0
1780 0
1790 0
1800 0
1810 0
1820 0
1830 0
1840 0
1850 0
1860 0
1870 0
1880 0
1890 1
1900 1
1910 1
1920 1
1930 1
1940 1
1950 0
1960 0
1970 1
1980 1
1990 1
2000 1
2010 1
2020 1
2030 1
2040 1
2050 1
2060 1
2070 1
2080 1
2090 0
2100 1
2110 2
2120 2
2130 2
2140 2
2150 3
2160 2
2170 1
2180 1
2190 1
2200 1
2210 0
2220 0
2230 0
2240 0
2250 0
2260 0
2270 0
2280 0
2290 1
2300 1
2310 1
2320 3
2330 3
2340 3
2350 2
2360 3
2370 3
2380 1
2390 1
2400 1
2410 1
2420 0
2430 1
2440 1
2450 2
2460 2
2470 2
2480 2
2490 1
2500 1
2510 0
2520 0
2530 1
2540 1
2550 1
2560 1
2570 1
2580 1
2590 0
2600 0
2610 0
2620 0
2630 1
2640 1
2650 1
2660 1
2670 1
2680 1
2690 0
2700 0
2710 0
2720 1
2730 1
2740 1
2750 1
2760 2
2770 2
2780 1
2790 1
2800 1
2810 1
2820 0
2830 0
2840 0
2850 0
2860 0
2870 0
2880 0
2890 0
2900 0
2910 0
2920 0
2930 0
2940 0
2950 1
2960 2
2970 2
2980 2
2990 2
3000 2
3010 1
3020 1
3030 1
3040 1
3050 2
3060 2
3070 2
3080 1
3090 2
3100 2
3110 1
3120 1
3130 1
3140 1
3150 1
3160 1
3170 1
3180 1
3190 2
3200 2
3210 1
3220 2
3230 2
3240 2
3250 1
3260 1
3270 1
3280 0
3290 0
3300 0
3310 0
3320 0
3330 0
3340 0
3350 1
3360 1
3370 1
3380 1
3390 1
3400 2
3410 1
3420 1
3430 1
3440 1
3450 1
3460 0
3470 1
3480 1
3490 1
3500 1
3510 1
3520 1
3530 0
3540 1
3550 1
3560 1
3570 1
3580 1
3590 1
3600 0
3610 0
3620 0
3630 0
3640 0
3650 0
3660 0
3670 0
3680 0
3690 0
3700 1
3710 1
3720 1
3730 1
3740 1
3750 1
3760 0
3770 0
3780 0
3790 1
3800 1
3810 1
3820 1
3830 1
3840 1
3850 0
3860 0
3870 0
3880 0
3890 0
3900 0
3910 0
3920 0
3930 0
3940 0
3950 0
3960 0
3970 0
3980 0
3990 0
4000 0
4010 0
4020 0
4030 0
4040 0
4050 0
4060 1
4070 1
4080 1
4090 1
4100 1
4110 1
4120 0
4130 0
4140 0
4150 0
4160 1
4170 1
4180 2
4190 2
4200 2
4210 2
4220 1
4230 1
4240 0
4250 0
4260 1
4270 1
4280 1
4290 1
4300 2
4310 2
4320 1
4330 1
4340 1
4350 1
4360 0
4370 0
4380 0
4390 1
4400 1
4410 1
4420 1
4430 1
4440 1
4450 0
4460 1
4470 2
4480 2
4490 2
4500 2
4510 2
4520 1
4530 0
4540 0
4550 0
4560 0
4570 0
4580 0
4590 0
4600 0
4610 0
4620 0
4630 0
4640 0
4650 0
4660 0
4670 0
4680 0
4690 0
4700 0
4710 0
4720 0
4730 1
4740 1
4750 1
4760 1
4770 1
4780 1
4790 0
4800 1
4810 1
4820 1
4830 1
4840 2
4850 2
4860 1
4870 1
4880 1
4890 1
4900 0
4910 0
4920 0
4930 1
4940 1
4950 1
4960 1
4970 1
4980 1
4990 0
5000 0
5010 0
5020 0
5030 0
5040 0
5050 0
5060 0
5070 0
5080 0
5090 0
5100 0
5110 0
5120 0
5130 0
5140 0
5150 0
5160 0
5170 0
5180 0
5190 0
5200 1
5210 1
5220 1
5230 1
5240 1
5250 1
5260 0
5270 1
5280 1
5290 1
5300 1
5310 1
5320 2
5330 1
5340 1
5350 1
5360 1
5370 1
5380 0
5390 1
5400 1
5410 1
5420 1
5430 1
5440 1
5450 0
5460 0
5470 0
5480 0
5490 0
5500 0
5510 0
5520 1
5530 2
5540 2
5550 2
5560 2
5570 2
5580 1
5590 0
5600 0
5610 0
5620 0
5630 0
5640 0
5650 0
5660 0
5670 1
5680 1
5690 1
5700 1
5710 1
5720 1
5730 0
5740 0
5750 0
5760 1
5770 1
5780 1
5790 1
5800 1
5810 1
5820 0
5830 1
5840 1
5850 1
5860 1
5870 1
5880 1
5890 0
5900 0
5910 0
5920 0
5930 0
5940 0
5950 2
5960 2
5970 2
5980 2
5990 3
6000 3
6010 1
6020 1
6030 1
6040 1
6050 0
6060 0
6070 0
6080 0
6090 0
6100 0
6110 0
6120 0
6130 0
6140 0
6150 0
6160 0
6170 0
6180 0
6190 1
6200 1
6210 1
6220 1
6230 1
6240 2
6250 1
6260 1
6270 1
6280 1
6290 1
6300 0
6310 1
6320 1
6330 1
6340 1
6350 1
6360 1
6370 1
6380 1
6390 1
6400 1
6410 1
6420 1
6430 0
6440 0
6450 0
6460 0
6470 0
6480 0
6490 0
6500 0
6510 0
6520 1
6530 1
6540 2
6550 2
6560 2
6570 2
6580 1
6590 1
6600 0
6610 0
6620 0
6630 0
6640 0
6650 0
6660 1
6670 1
6680 1
6690 1
6700 1
6710 1
6720 0
6730 0
6740 0
6750 0
6760 0
6770 0
6780 0
6790 0
6800 0
6810 0
6820 0
6830 1
6840 1
6850 1
6860 1
6870 1
6880 2
6890 1
6900 1
6910 1
6920 1
6930 1
6940 0
6950 0
6960 0
6970 0
6980 1
6990 2
7000 2
7010 2
7020 2
7030 2
7040 1
7050 0
7060 0
7070 0
7080 0
7090 0
7100 0
7110 0
7120 0
7130 0
7140 1
7150 1
7160 1
7170 1
7180 1
7190 1
7200 0
