% time handles
0 0
10 0
20 1
30 1
40 2
50 4
60 6
70 8
80 8
90 9
100 9
110 8
120 7
130 7
140 7
150 7
160 8
170 9
180 9
190 8
200 9
210 10
220 10
230 9
240 9
250 10
260 9
270 9
280 9
290 9
300 10
310 10
320 11
330 10
340 9
350 9
360 8
370 7
380 6
390 7
400 7
410 8
420 9
430 10
440 11
450 10
460 11
470 11
480 11
490 11
500 10
510 11
520 11
530 11
540 11
550 11
560 12
570 12
580 11
590 10
600 9
610 9
620 9
630 9
640 10
650 11
660 12
670 11
680 11
690 11
700 10
710 9
720 9
730 10
740 10
750 9
760 9
770 9
780 8
790 7
800 6
810 7
820 8
830 9
840 9
850 9
860 9
870 9
880 9
890 9
900 9
910 9
920 9
930 9
940 8
950 6
960 6
970 6
980 7
990 6
1000 6
1010 8
1020 9
1030 9
1040 9
1050 9
1060 10
1070 9
1080 9
1090 10
1100 9
1110 9
1120 9
1130 10
1140 10
1150 10
1160 10
1170 10
1180 10
1190 10
1200 10
1210 10
1220 10
1230 10
1240 9
1250 9
1260 9
1270 9
1280 10
1290 10
1300 10
1310 10
1320 9
1330 8
1340 7
1350 7
1360 8
1370 8
1380 8
1390 8
1400 7
1410 6
1420 5
1430 3
1440 2
1450 2
1460 2
1470 2
1480 2
1490 3
1500 4
1510 5
1520 7
1530 8
1540 8
1550 8
1560 8
1570 7
1580 5
1590 5
1600 5
1610 5
1620 4
1630 4
1640 5
1650 6
1660 7
1670 8
1680 10
1690 11
1700 12
1710 12
1720 12
1730 12
1740 11
1750 11
1760 11
1770 11
1780 11
1790 10
1800 10
1810 10
1820 9
1830 8
1840 7
1850 7
1860 7
1870 7
1880 8
1890 9
1900 9
1910 9
1920 10
1930 10
1940 9
1950 8
1960 8
1970 8
1980 7
1990 7
2000 8
2010 9
2020 10
2030 10
2040 10
2050 10
2060 10
2070 10
2080 10
2090 11
2100 11
2110 9
2120 9
2130 9
2140 8
2150 6
2160 7
2170 8
2180 8
2190 8
2200 8
2210 9
2220 8
2230 9
2240 9
2250 9
2260 9
2270 9
2280 8
2290 7
2300 6
2310 5
2320 5
2330 6
2340 8
2350 9
2360 10
2370 11
2380 12
2390 12
2400 11
2410 10
2420 9
2430 9
2440 8
2450 8
2460 7
2470 6
2480 5
2490 4
2500 4
2510 3
2520 4
2530 5
2540 7
2550 8
2560 9
2570 9
2580 9
2590 9
2600 8
2610 7
2620 7
2630 7
2640 8
2650 9
2660 10
2670 11
2680 11
2690 11
2700 11
2710 11
2720 11
2730 10
2740 9
2750 8
2760 8
2770 8
2780 8
2790 9
2800 10
2810 12
2820 11
2830 10
2840 9
2850 9
2860 8
2870 7
2880 8
2890 9
2900 10
2910 10
2920 11
2930 12
2940 12
2950 12
2960 12
2970 12
2980 11
2990 10
3000 9
3010 8
3020 6
3030 4
3040 3
3050 3
3060 2
3070 1
3080 3
3090 5
3100 7
3110 8
3120 10
3130 11
3140 11
3150 11
3160 11
3170 11
3180 11
3190 12
3200 12
3210 12
3220 12
3230 11
3240 11
3250 10
3260 8
3270 8
3280 7
3290 6
3300 6
3310 6
3320 7
3330 7
3340 8
3350 10
3360 10
3370 10
3380 10
3390 8
3400 7
3410 6
3420 5
3430 4
3440 4
3450 6
3460 6
3470 6
3480 7
3490 9
3500 10
3510 9
3520 11
3530 11
3540 12
3550 10
3560 10
3570 11
3580 10
3590 11
3600 10
3610 12
3620 11
3630 9
3640 7
3650 6
3660 4
3670 2
3680 2
3690 2
3700 3
3710 4
3720 4
3730 5
3740 5
3750 6
3760 5
3770 4
3780 6
3790 7
3800 8
3810 8
3820 9
3830 10
3840 10
3850 10
3860 8
3870 8
3880 8
3890 8
3900 7
3910 6
3920 8
3930 9
3940 10
3950 10
3960 11
3970 12
3980 12
3990 12
4000 12
4010 11
4020 10
4030 8
4040 6
4050 4
4060 2
4070 2
4080 2
4090 3
4100 4
4110 4
4120 4
4130 3
4140 2
4150 1
4160 1
4170 1
4180 2
4190 4
4200 6
4210 8
4220 9
4230 10
4240 10
4250 9
4260 7
4270 5
4280 4
4290 4
4300 3
4310 4
4320 5
4330 7
4340 7
4350 7
4360 9
4370 9
4380 10
4390 10
4400 11
4410 11
4420 10
4430 10
4440 10
4450 10
4460 10
4470 11
4480 12
4490 11
4500 11
4510 11
4520 11
4530 11
4540 10
4550 10
4560 10
4570 10
4580 10
4590 10
4600 11
4610 12
4620 12
4630 12
4640 11
4650 11
4660 11
4670 11
4680 11
4690 11
4700 11
4710 11
4720 10
4730 9
4740 7
4750 6
4760 6
4770 5
4780 4
4790 3
4800 5
4810 6
4820 7
4830 8
4840 9
4850 9
4860 7
4870 5
4880 3
4890 1
4900 0
4910 0
4920 0
4930 0
4940 0
4950 0
4960 0
4970 0
4980 0
4990 0
5000 0
5010 0
5020 0
5030 0
5040 0
5050 0
5060 0
5070 0
5080 0
5090 0
5100 0
5110 0
5120 0
5130 0
5140 0
5150 0
5160 0
5170 0
5180 0
5190 0
5200 0
5210 0
5220 0
5230 0
5240 0
5250 0
5260 0
5270 0
5280 0
5290 0
5300 0
5310 0
5320 0
5330 0
5340 0
5350 0
5360 0
5370 0
5380 0
5390 0
5400 0
5410 0
5420 0
5430 0
5440 0
5450 0
5460 0
5470 0
5480 0
5490 0
5500 0
5510 0
5520 0
5530 0
5540 0
5550 0
5560 0
5570 0
5580 0
5590 0
5600 0
5610 0
5620 0
5630 0
5640 0
5650 0
5660 0
5670 0
5680 0
5690 0
5700 0
5710 0
5720 0
5730 0
5740 0
5750 0
5760 0
5770 0
5780 0
5790 0
5800 0
5810 0
5820 0
5830 0
5840 0
5850 0
5860 0
5870 0
5880 0
5890 0
5900 0
5910 0
5920 0
5930 0
5940 0
5950 0
5960 0
5970 0
5980 0
5990 0
6000 0
6010 0
6020 0
6030 0
6040 0
6050 0
6060 0
6070 0
6080 0
6090 0
6100 0
6110 0
6120 0
6130 0
6140 0
6150 0
6160 0
6170 0
6180 0
6190 0
6200 0
6210 0
6220 0
6230 0
6240 0
6250 0
6260 0
6270 0
6280 0
6290 0
6300 0
6310 0
6320 0
6330 0
6340 0
6350 0
6360 0
6370 0
6380 0
6390 0
6400 0
6410 0
6420 0
6430 0
6440 0
6450 0
6460 0
6470 0
6480 0
6490 0
6500 0
6510 0
6520 0
6530 0
6540 0
6550 0
6560 0
6570 0
6580 0
6590 0
6600 0
6610 0
6620 0
6630 0
6640 0
6650 0
6660 0
6670 0
6680 0
6690 0
6700 0
6710 0
6720 0
6730 0
6740 0
6750 0
6760 0
6770 0
6780 0
6790 0
6800 0
6810 0
6820 0
6830 0
6840 0
6850 0
6860 0
6870 0
6880 0
6890 0
6900 0
6910 0
6920 0
6930 0
6940 0
6950 0
6960 0
6970 0
6980 0
6990 0
7000 0
7010 0
7020 0
7030 0
7040 0
7050 0
7060 0
7070 0
7080 0
7090 0
7100 0
7110 0
7120 0
7130 0
7140 0
7150 0
7160 0
7170 0
7180 0
7190 0
7200 0
