# sku cum.frequency
1 0.00376560525551808
2 0.00714511283754506
3 0.0103716623509214
4 0.0135463020879728
5 0.0166301973862241
6 0.0197080636484572
7 0.0227545341176637
8 0.0257573332765046
9 0.0287449256254303
10 0.0316425954009192
11 0.0344893479105515
12 0.0372937863764016
13 0.0400929502166589
14 0.0428349118500097
15 0.045504021123206
16 0.0481649062056289
17 0.0508234360573262
18 0.0533959192079461
19 0.0559630182387419
20 0.0585262348612198
21 0.0610614933549329
22 0.0635920096229649
23 0.0661102786309203
24 0.0685797822556294
25 0.0710367802415112
26 0.0734733995475741
27 0.0758910666398874
28 0.0782829873795179
29 0.0806616389938468
30 0.0830383540378622
31 0.0854130655348178
32 0.0877041277846853
33 0.0899932942211237
34 0.0922799512689869
35 0.094516018432418
36 0.0967407885583485
37 0.0989515893849663
38 0.101151493480616
39 0.103340870896278
40 0.105530099210621
41 0.107715251409916
42 0.109886714807742
43 0.112043470738255
44 0.114187817506109
45 0.116324340630366
46 0.118460563419425
47 0.120594919572409
48 0.122724042132966
49 0.124833998217776
50 0.126931840886648
51 0.129026543897536
52 0.131115752074029
53 0.133183068700115
54 0.135246545748509
55 0.137307305580558
56 0.139351221013278
57 0.14139479686235
58 0.143431717760556
59 0.145468164417591
60 0.147503340782855
61 0.149533250866201
62 0.15156191141567
63 0.153589555246681
64 0.155601269717651
65 0.157599871618702
66 0.159580944063124
67 0.161552706012003
68 0.163519258492299
69 0.16548552550617
70 0.167421707152328
71 0.16935381191457
72 0.17127074932779
73 0.173165806147562
74 0.175046706997205
75 0.176914174417376
76 0.178780657283364
77 0.180643516125818
78 0.182504644087316
79 0.184360552209929
80 0.18621283982094
81 0.188061881785378
82 0.189858304927784
83 0.191644791010411
84 0.193426858629732
85 0.195207262302938
86 0.196982916723588
87 0.198755417120777
88 0.200524416345763
89 0.202289565436661
90 0.20405454190237
91 0.205816223065567
92 0.207571051870583
93 0.209323144798746
94 0.211065710120159
95 0.212804703996928
96 0.214542441395439
97 0.21627555345378
98 0.218007352244219
99 0.21973900325021
100 0.221464266715985
101 0.223189352440676
102 0.224903587557647
103 0.226610578450274
104 0.228309975494122
105 0.229987425278589
106 0.231664631914482
107 0.233340926980765
108 0.235016752357481
109 0.236691085138807
110 0.238357269870779
111 0.240023075975762
112 0.24168388328241
113 0.243342166742379
114 0.244996389879811
115 0.246645696859425
116 0.248293460081211
117 0.249936692461774
118 0.251574169212986
119 0.253202136068448
120 0.254828087701249
121 0.256452922612777
122 0.258073302691819
123 0.259693513112181
124 0.261311377357201
125 0.26292273178081
126 0.264530964326089
127 0.26613272169115
128 0.267719006950649
129 0.269302960093623
130 0.270886146613823
131 0.272455475140703
132 0.274022775988375
133 0.275575848064104
134 0.277128295635384
135 0.278679649399097
136 0.280214176773858
137 0.281745494284704
138 0.28327558082854
139 0.284805270211661
140 0.286330723898715
141 0.287854804306335
142 0.289377932408043
143 0.290892839179351
144 0.292407679339571
145 0.293920869531803
146 0.295432105568673
147 0.296924489641756
148 0.298414917701848
149 0.299893157931504
150 0.301364503207454
151 0.30283056374136
152 0.304296236393135
153 0.305757362556228
154 0.307212332870774
155 0.308665172237425
156 0.310116151962091
157 0.311563985290883
158 0.31299345274402
159 0.314420395000878
160 0.31584109429904
161 0.317260482077806
162 0.318668538364557
163 0.320073805338339
164 0.321450866799151
165 0.322826659082167
166 0.32420229399041
167 0.325575132906104
168 0.326937236843184
169 0.328298043051383
170 0.329654426470869
171 0.331004392911882
172 0.332352757433248
173 0.333699043002963
174 0.335042977847166
175 0.336379038955269
176 0.337708148805419
177 0.339035663080765
178 0.340363159273862
179 0.341690318628582
180 0.343014827318023
181 0.344337341496825
182 0.34565521218057
183 0.346970975532516
184 0.348283505610591
185 0.349595535854805
186 0.350907427632931
187 0.35221309785045
188 0.35350415645721
189 0.354792647165048
190 0.356076413150063
191 0.357357252461707
192 0.358631412314447
193 0.359902491292694
194 0.361171138228477
195 0.3624395251998
196 0.36370705574017
197 0.364971913804573
198 0.366227664084302
199 0.367480289304239
200 0.368730452672101
201 0.369979114882247
202 0.371226498909122
203 0.372470424689058
204 0.37371333986401
205 0.374955979499566
206 0.37619626522161
207 0.377431300155783
208 0.378665418786953
209 0.379899471295968
210 0.381129070489852
211 0.382356206271841
212 0.383582799220187
213 0.384807613780345
214 0.38602912246644
215 0.387246197539682
216 0.388460575488404
217 0.389673461771383
218 0.390885335437862
219 0.39209334757771
220 0.393290886118549
221 0.394485927635639
222 0.395680074534779
223 0.396872946012
224 0.398062012689536
225 0.399250051642675
226 0.40043330515422
227 0.401614735808302
228 0.402795357731439
229 0.403975923431787
230 0.405156343636733
231 0.406334534739348
232 0.407510783117058
233 0.408686504836617
234 0.409860410380937
235 0.411028617315249
236 0.412193627820799
237 0.413355613177331
238 0.414511902550073
239 0.415665931939145
240 0.416814984738514
241 0.417961896741748
242 0.419105167092504
243 0.420247310181306
244 0.42138849407583
245 0.422528749840854
246 0.423665804053573
247 0.424798689900735
248 0.425926620019546
249 0.42704825581561
250 0.428167917303125
251 0.429284737885595
252 0.430397358100992
253 0.431509413770689
254 0.432619133915781
255 0.433727679072906
256 0.43483588680639
257 0.435942306516385
258 0.437039105761454
259 0.438135492170086
260 0.439224416237463
261 0.440312234647746
262 0.441398480646434
263 0.442484449125694
264 0.443570204193236
265 0.444653643046678
266 0.445735185735272
267 0.446811774162728
268 0.447881217336105
269 0.448949626627922
270 0.450016873446058
271 0.451080376425614
272 0.45214371282001
273 0.453198821194465
274 0.454252472765016
275 0.455305354322559
276 0.456357319485234
277 0.457407383893683
278 0.458453738057827
279 0.459499385072907
280 0.460538478484654
281 0.461576163847209
282 0.462613832783979
283 0.463651312277066
284 0.464686839852141
285 0.465720182860587
286 0.466753268444382
287 0.46778460259323
288 0.468815230502863
289 0.469839405981797
290 0.470862651611174
291 0.47188516007236
292 0.47290409309005
293 0.473914041324678
294 0.474923349778603
295 0.475927638128088
296 0.476931145451139
297 0.477932683955654
298 0.478933355399212
299 0.479931955589369
300 0.480929862059561
301 0.481926794560741
302 0.482921803440895
303 0.483914645591133
304 0.484905154520004
305 0.485895095725271
306 0.486884972702124
307 0.487874575997664
308 0.488863851694283
309 0.489852146383942
310 0.490837565282477
311 0.49182211834711
312 0.492806464989513
313 0.493790598407304
314 0.494773945495102
315 0.495756378201537
316 0.496734807533785
317 0.497712428407144
318 0.498688030694597
319 0.499663528046112
320 0.500636230067599
321 0.501605699113828
322 0.502574238356492
323 0.50353613415269
324 0.504497767250838
325 0.505456396680243
326 0.506413196485279
327 0.507366806955038
328 0.508320107447185
329 0.509267603455115
330 0.510215059903858
331 0.511160997281108
332 0.512103801628432
333 0.513046327695803
334 0.513988263122722
335 0.514929168821948
336 0.515869373741958
337 0.516805831717538
338 0.517740823144661
339 0.518672372071984
340 0.519598605189399
341 0.520524316466853
342 0.521449704971895
343 0.522373817277251
344 0.52329761540129
345 0.524221398646159
346 0.525139140658003
347 0.526055049179251
348 0.526969825812298
349 0.527879186777242
350 0.5287883548861
351 0.529695259237234
352 0.530601982476384
353 0.531506686856152
354 0.532410735523903
355 0.533306148741564
356 0.534200927168706
357 0.535092441531467
358 0.535983645305072
359 0.536871235619056
360 0.537757597423334
361 0.538640675071884
362 0.53952249948836
363 0.540402834074084
364 0.541282685591848
365 0.542158138400168
366 0.543030106176475
367 0.543901422844497
368 0.544772054145809
369 0.545640301121263
370 0.546506062019297
371 0.547366825287733
372 0.54822445273134
373 0.549081493438093
374 0.549932305371258
375 0.550782561843773
376 0.551628805578256
377 0.552475010881979
378 0.553320785384091
379 0.554164497756673
380 0.555007276164915
381 0.555849987711275
382 0.556691513395613
383 0.557532153367608
384 0.558372051681953
385 0.559211152763486
386 0.560048102571307
387 0.560882860863815
388 0.561715770769761
389 0.562548349868825
390 0.563377244254858
391 0.56420574605859
392 0.565033354309905
393 0.565860917920369
394 0.566687999117096
395 0.56751506953956
396 0.56834117965099
397 0.56916574827493
398 0.569990301404484
399 0.570813877969569
400 0.571633674152071
401 0.57245175194293
402 0.573269026897475
403 0.574086289394318
404 0.574902742223506
405 0.575719023508688
406 0.57653483950634
407 0.57734688502309
408 0.578156545664351
409 0.578965955243027
410 0.579775276993661
411 0.580583683893557
412 0.581392019484936
413 0.582200024353955
414 0.583002374389774
415 0.58380423224416
416 0.58459967893108
417 0.585395008559198
418 0.586189735086566
419 0.586984180488482
420 0.587778477256964
421 0.588572646325603
422 0.589364199675718
423 0.590155530237789
424 0.590946847830928
425 0.591737394847563
426 0.592524666574104
427 0.59331145585351
428 0.59409774597278
429 0.594879011882227
430 0.595659101457477
431 0.59643475423986
432 0.597210361917723
433 0.597984415855689
434 0.598756426400019
435 0.599525687673743
436 0.600292448166927
437 0.601059108395742
438 0.601825337855971
439 0.602591441422508
440 0.603356035866758
441 0.604119534011379
442 0.604880737600591
443 0.605641629990454
444 0.606400814816189
445 0.607157604281064
446 0.607913306837024
447 0.608668085643646
448 0.609422775827653
449 0.610176869163718
450 0.610930104231566
451 0.611683159474276
452 0.612435279692309
453 0.613186676191531
454 0.613936065969202
455 0.614683957200104
456 0.615431145126298
457 0.61617657069723
458 0.616917734490839
459 0.617658536486051
460 0.618399094200704
461 0.619138620142556
462 0.619874270903126
463 0.620608245440563
464 0.621341142936162
465 0.622073443558433
466 0.622805363212306
467 0.62353726615805
468 0.624268244994753
469 0.6249981651458
470 0.625727194548868
471 0.62645474997846
472 0.62718170312452
473 0.627906772078495
474 0.628630819244609
475 0.629354361514186
476 0.630077890771468
477 0.630801164568642
478 0.631523513939286
479 0.63224444294434
480 0.632962723269581
481 0.633680967994062
482 0.634397737276757
483 0.635113792499792
484 0.635827852562015
485 0.636540497408489
486 0.637250531375185
487 0.637958794790406
488 0.638667040606623
489 0.639372777775295
490 0.640077723094475
491 0.640780946672836
492 0.641483049792554
493 0.642180523408381
494 0.642876623810125
495 0.64357130332511
496 0.644264044612483
497 0.64495633490062
498 0.645646927162413
499 0.646335945047632
500 0.647024383035702
501 0.647708996739511
502 0.64839275147188
503 0.649075517096119
504 0.649755747594947
505 0.650435742023261
506 0.651115638980645
507 0.651794306094675
508 0.652472077952213
509 0.653148714872169
510 0.653822352727256
511 0.654493511428953
512 0.655164611817024
513 0.655833148355224
514 0.656501244956405
515 0.65716789102494
516 0.657831654737738
517 0.658495289131406
518 0.659158690972132
519 0.659821000951114
520 0.660483105873273
521 0.661144530596792
522 0.661803286655806
523 0.662462005841236
524 0.663120679999064
525 0.663777350245774
526 0.664433286123585
527 0.665088875271555
528 0.665742563591684
529 0.666394936440645
530 0.667046207269388
531 0.667696390813396
532 0.668345875286588
533 0.668995086301724
534 0.669644033244088
535 0.670292799340888
536 0.670940001272011
537 0.671585573946864
538 0.67223077125025
539 0.672874962583765
540 0.673518147010734
541 0.674160359526264
542 0.674802072052462
543 0.675443446174181
544 0.676083626288829
545 0.676723726508654
546 0.677363821408254
547 0.678003834068911
548 0.678643735644693
549 0.679283168173026
550 0.679921469403829
551 0.680559597655325
552 0.681196814738547
553 0.681833714787157
554 0.682468482149706
555 0.683103103419623
556 0.683737007765296
557 0.684370069623683
558 0.685001932179589
559 0.685633549414533
560 0.686263947181854
561 0.686894309156559
562 0.687523872352782
563 0.688147302569259
564 0.688770537508482
565 0.689393464555639
566 0.690015299462903
567 0.690635899508442
568 0.691255776666729
569 0.691873778160425
570 0.692490251317992
571 0.693106473438571
572 0.693722557478865
573 0.694337821668733
574 0.694952299039497
575 0.69556385131116
576 0.696172647586863
577 0.696777148374573
578 0.697377834879032
579 0.697978052891999
580 0.69857741029923
581 0.699175614475565
582 0.699773725877425
583 0.700370111230942
584 0.700958544717265
585 0.701542937395234
586 0.702127110703518
587 0.702709528521579
588 0.703290401263106
589 0.703871269939931
590 0.704451854113136
591 0.705031681764854
592 0.705607316812224
593 0.706181585376068
594 0.706755741148056
595 0.707329663598377
596 0.707902132880884
597 0.708473937589845
598 0.709044184238703
599 0.709614231926253
600 0.710184032833985
601 0.710753212920561
602 0.711321616486522
603 0.711887587821572
604 0.712452887378724
605 0.713015189883018
606 0.713576980660862
607 0.714137386624069
608 0.714697601741108
609 0.715257296560665
610 0.715815477824983
611 0.716372974796183
612 0.716929094544172
613 0.717483468728629
614 0.718037756775817
615 0.718591614209621
616 0.719145315754958
617 0.719698349398374
618 0.720250017484642
619 0.720801630068755
620 0.721352893398019
621 0.721901395072648
622 0.722448257414895
623 0.72299204081906
624 0.723535077238216
625 0.724077496810988
626 0.724619342715436
627 0.725160673688971
628 0.725701329595635
629 0.726240190952334
630 0.726778491647645
631 0.727315949618597
632 0.727852359178847
633 0.728385485531406
634 0.728918540273451
635 0.729450870615118
636 0.72998114020221
637 0.730511337681022
638 0.731039459577817
639 0.731563777111508
640 0.732086685911244
641 0.732608491284377
642 0.733129385989298
643 0.733648471067842
644 0.734167475168502
645 0.73468364259035
646 0.735199804828425
647 0.735715458734543
648 0.73623108809094
649 0.736745836599026
650 0.737260258656628
651 0.737773499317471
652 0.738284937622062
653 0.738795901570886
654 0.739305323395426
655 0.739813544574245
656 0.740321671142403
657 0.74082699166215
658 0.741331966936417
659 0.741835338129572
660 0.74233759885048
661 0.742839147124822
662 0.743339165268253
663 0.743838610060586
664 0.744337812836249
665 0.744835708069062
666 0.745331795284662
667 0.745827721040961
668 0.746323144643922
669 0.746818113147931
670 0.747311543958773
671 0.74780320446405
672 0.748294473106589
673 0.748785283934233
674 0.74927498571808
675 0.74976219178773
676 0.750247848523331
677 0.750733502657187
678 0.751214981692342
679 0.751695512817728
680 0.752175650604115
681 0.752655784877131
682 0.753135089647741
683 0.753614077048747
684 0.754092770271171
685 0.754570596560541
686 0.755047329597036
687 0.755523784396288
688 0.756000148578845
689 0.756474099742709
690 0.756946559212201
691 0.757418688082667
692 0.757890157459509
693 0.758360562872249
694 0.758828677982905
695 0.759295660005861
696 0.759762423434267
697 0.760229039979048
698 0.760694792011063
699 0.761160422262226
700 0.761624885380219
701 0.762088824349557
702 0.762552247885488
703 0.76301424571208
704 0.763476077066495
705 0.763936576226151
706 0.764392654288184
707 0.764847459776482
708 0.765301922859011
709 0.765755887977629
710 0.766208677025871
711 0.766661277542145
712 0.76711350311159
713 0.767565072374087
714 0.768016254279046
715 0.768464615532098
716 0.768912556290356
717 0.769360487466875
718 0.769808404411834
719 0.77025495197961
720 0.770700574478652
721 0.771144311246145
722 0.771587456870468
723 0.772030271870664
724 0.772472655659924
725 0.772913798032667
726 0.773353859161816
727 0.773793478224778
728 0.774232419412827
729 0.7746713602675
730 0.775110281110382
731 0.775548453286143
732 0.775984485103003
733 0.776418424139053
734 0.776851544530133
735 0.77728428905092
736 0.777716772772879
737 0.778148298998581
738 0.778579669310886
739 0.779010853351752
740 0.77944074903815
741 0.779870514279891
742 0.780299404529824
743 0.780727354680285
744 0.781155215338057
745 0.781580883375255
746 0.782006106168376
747 0.782430550401613
748 0.78285385700079
749 0.783276805879131
750 0.783699750911099
751 0.784122330771247
752 0.78454488445771
753 0.784967312362068
754 0.785388956846736
755 0.785810414812818
756 0.78623124335636
757 0.786651895010704
758 0.787072500553374
759 0.78749123842911
760 0.787909618671754
761 0.788327666657491
762 0.788745636512441
763 0.789163549542275
764 0.789581364819912
765 0.789999060213157
766 0.790414288019886
767 0.790829082214704
768 0.791242805416105
769 0.791656280186933
770 0.792069299854285
771 0.792482125284987
772 0.792893426149086
773 0.793304122345027
774 0.793713525505504
775 0.794122782143502
776 0.794531598335945
777 0.794940330856513
778 0.795348307615499
779 0.795756178635694
780 0.796162303282763
781 0.796567837062417
782 0.796970330052405
783 0.79737269695836
784 0.797773553585695
785 0.798172978952364
786 0.798572307503366
787 0.7989712254925
788 0.799369094762807
789 0.799764962514188
790 0.800159395012164
791 0.800553338692577
792 0.800946201791274
793 0.801338569663728
794 0.801730572140782
795 0.802122142543771
796 0.802511190188413
797 0.802899994347858
798 0.80328728935211
799 0.803673724657686
800 0.804057926889119
801 0.804441273733644
802 0.804823971819959
803 0.805205436745612
804 0.805586780651093
805 0.805968007626208
806 0.806349062310884
807 0.806730053895235
808 0.807110851620229
809 0.80749163676782
810 0.8078717064605
811 0.808251078848617
812 0.808630214535124
813 0.809009013560092
814 0.809387627324992
815 0.809765685260116
816 0.810143420164214
817 0.810521027386232
818 0.810898400519688
819 0.811275487594833
820 0.811652241730129
821 0.812028270914862
822 0.812404289416571
823 0.812779266210986
824 0.813152836089923
825 0.813526351543951
826 0.813899309834258
827 0.814272102690532
828 0.814644098368316
829 0.815015392040203
830 0.815385818318692
831 0.815755378590819
832 0.816124736950401
833 0.8164932285799
834 0.816860621128921
835 0.817227362254376
836 0.81759320700968
837 0.817958361819885
838 0.818323169649552
839 0.818687485843357
840 0.819051064410576
841 0.819414033702966
842 0.819775646643043
843 0.820136406211808
844 0.820495250041372
845 0.820852347781124
846 0.821209176624535
847 0.821565165768937
848 0.821920061133137
849 0.822273984622577
850 0.822627444229691
851 0.822980722412592
852 0.823332627837013
853 0.823684027272019
854 0.824034850877015
855 0.824385060552924
856 0.824734369809701
857 0.825083616440959
858 0.825432124604555
859 0.825780393210689
860 0.826128406963551
861 0.826475894577414
862 0.826823323727154
863 0.827170422183544
864 0.827517409927113
865 0.827863914563711
866 0.828210310696981
867 0.828556386954477
868 0.828901393371941
869 0.829246227271764
870 0.829591018495744
871 0.82993578336269
872 0.830279463640126
873 0.83062230485252
874 0.830964787236926
875 0.83130536558606
876 0.83164579480117
877 0.831984739988812
878 0.832320149853715
879 0.832654660592284
880 0.832988936516457
881 0.833322053158185
882 0.833654270275764
883 0.833986478299345
884 0.834317954511567
885 0.834649346210015
886 0.834980155559441
887 0.835310913565833
888 0.835641406742029
889 0.835971243855599
890 0.836300995451011
891 0.836630686457136
892 0.836960337568538
893 0.837289889677183
894 0.837619171108162
895 0.837948442505844
896 0.838277519659643
897 0.838605470912463
898 0.838932982163276
899 0.839260120565565
900 0.839586900635336
901 0.83991322476802
902 0.84023876725067
903 0.840564160006761
904 0.840888872742313
905 0.841213096783566
906 0.841537305352437
907 0.841861505876567
908 0.842185148706752
909 0.842508343483267
910 0.84283104241615
911 0.843153510896932
912 0.843475771376387
913 0.843797161236383
914 0.844118399834087
915 0.844439374309751
916 0.844759681894269
917 0.845079557546107
918 0.84539941144253
919 0.845718191493307
920 0.846036604349698
921 0.846354152411428
922 0.84667125976491
923 0.846987764267471
924 0.847303200466015
925 0.84761828646532
926 0.847932829925369
927 0.848246874532788
928 0.848560553077739
929 0.848873277870154
930 0.849185474227634
931 0.849497013328739
932 0.849808531286836
933 0.85011981061877
934 0.850429891223694
935 0.850738279305819
936 0.851046499332087
937 0.851354204827722
938 0.851661444483093
939 0.851967163893897
940 0.852272824341028
941 0.852578430001296
942 0.852883698230419
943 0.853188617529303
944 0.853493474944418
945 0.853797890878446
946 0.85410207891063
947 0.854405821370674
948 0.854709465225994
949 0.855012465107212
950 0.855315442797762
951 0.855617529325634
952 0.855919392576132
953 0.856220603976541
954 0.856521749243998
955 0.856822839134622
956 0.857123249509353
957 0.857423499561402
958 0.857723245044978
959 0.858022789703249
960 0.858321735346399
961 0.858619136307297
962 0.85891622862045
963 0.859212895406422
964 0.859507155483415
965 0.859801058307779
966 0.860094652057362
967 0.860388116823583
968 0.860681473165833
969 0.860974561227927
970 0.861267547801823
971 0.86155952380474
972 0.861850545987731
973 0.862141531219094
974 0.862432179669387
975 0.862722283859671
976 0.863012204163624
977 0.863299579984225
978 0.863586943231575
979 0.863874105193831
980 0.864160974845056
981 0.864447686861609
982 0.864734213294419
983 0.865019604040737
984 0.865304449600905
985 0.865589246877407
986 0.865873730512052
987 0.866158160801192
988 0.866442568133412
989 0.866726664806486
990 0.867010233622426
991 0.867293696606892
992 0.867577061040321
993 0.867860034971205
994 0.868142917143778
995 0.868425501949558
996 0.868707969447613
997 0.868990214935393
998 0.869270102791067
999 0.869549939756025
1000 0.869829358106408
1001 0.870108670842128
1002 0.870387255075347
1003 0.870665042959628
1004 0.870942545135619
1005 0.87122001875447
1006 0.871497232673992
1007 0.87177441472847
1008 0.872051499951194
1009 0.872328449671071
1010 0.872604968058398
1011 0.872881475440078
1012 0.873156389804666
1013 0.873430573066109
1014 0.873704508253417
1015 0.873978393411483
1016 0.874252009054722
1017 0.874525566463736
1018 0.874799080534629
1019 0.875072339421049
1020 0.875345434641525
1021 0.875618304608954
1022 0.875890607466571
1023 0.876162727473595
1024 0.876434179821952
1025 0.876704963656352
1026 0.876974954089801
1027 0.877244843908597
1028 0.877514656511089
1029 0.877783843347732
1030 0.87805206719985
1031 0.878319693480436
1032 0.878587011700966
1033 0.878853816451224
1034 0.879120083019068
1035 0.879385269040809
1036 0.879650428773717
1037 0.879915270696642
1038 0.880179797838844
1039 0.880444188004161
1040 0.880708554456197
1041 0.880972886110621
1042 0.88123710567914
1043 0.881500438089778
1044 0.881763433618231
1045 0.882025074839388
1046 0.882285619330016
1047 0.882545790028097
1048 0.882805658317153
1049 0.883065431614018
1050 0.883325199241523
1051 0.883584640711489
1052 0.883843669244575
1053 0.884101372739432
1054 0.884358593955705
1055 0.884615260942756
1056 0.884871355957518
1057 0.885127153373204
1058 0.885382066190794
1059 0.885636795197025
1060 0.885891504059246
1061 0.886146015562129
1062 0.886400254699714
1063 0.886654266045495
1064 0.886908196687023
1065 0.887162057807134
1066 0.887415771256016
1067 0.887669198580573
1068 0.887921034232589
1069 0.888172493911769
1070 0.888423739356607
1071 0.888674969952022
1072 0.88892600530838
1073 0.88917697529715
1074 0.889427705991366
1075 0.889677926174127
1076 0.889928137405148
1077 0.890177103189712
1078 0.890425572747247
1079 0.890672761207109
1080 0.890919191684978
1081 0.891165445714933
1082 0.89141155998659
1083 0.891657670547229
1084 0.891903522908573
1085 0.892149228427226
1086 0.892394892939145
1087 0.892639901947113
1088 0.892884896756065
1089 0.893129604894088
1090 0.89337395941221
1091 0.893618298194875
1092 0.893861824054851
1093 0.894104880306887
1094 0.894346828475481
1095 0.894588752191215
1096 0.894829537602837
1097 0.895069788719232
1098 0.895309960284461
1099 0.895549096411111
1100 0.89578821305706
1101 0.896025782146156
1102 0.896263295929309
1103 0.896500706621665
1104 0.896737169167677
1105 0.89697355700312
1106 0.897209919058545
1107 0.897446195021669
1108 0.897681769423674
1109 0.897916801943394
1110 0.898150848218916
1111 0.898384653543522
1112 0.898617338172162
1113 0.898849532685603
1114 0.899080435923441
1115 0.8993106603231
1116 0.899540423064764
1117 0.899769567189554
1118 0.899998600796564
1119 0.900227532439332
1120 0.900456099650915
1121 0.9006845867491
1122 0.900912716870905
1123 0.901140828402677
1124 0.90136859530157
1125 0.901596236939965
1126 0.901823607999018
1127 0.902050858813923
1128 0.902278061293919
1129 0.902505126378534
1130 0.902731190281833
1131 0.902956676265606
1132 0.903182031130978
1133 0.903407157860732
1134 0.90363175054353
1135 0.903856021963726
1136 0.904080203951165
1137 0.904302975503729
1138 0.904525516631399
1139 0.904747949961732
1140 0.904970132254848
1141 0.905191431432547
1142 0.905412532197791
1143 0.905633457200472
1144 0.905854277636247
1145 0.906075036659118
1146 0.906295464145373
1147 0.90651581643569
1148 0.906736118454149
1149 0.906956240428243
1150 0.907176116454745
1151 0.907394586800994
1152 0.907612262796754
1153 0.907829727557279
1154 0.908046913337194
1155 0.90826408519405
1156 0.908480854497343
1157 0.90869739725428
1158 0.908913646935128
1159 0.909129516264631
1160 0.909345336474939
1161 0.909560989922502
1162 0.909775744409634
1163 0.909990437494657
1164 0.91020505120824
1165 0.910419312069269
1166 0.910633455631711
1167 0.910846829106294
1168 0.911060056901175
1169 0.911273262577859
1170 0.911486180258418
1171 0.911698867380846
1172 0.911911160602413
1173 0.912122691581228
1174 0.912333734587829
1175 0.912544645406041
1176 0.912755409897556
1177 0.912966018713121
1178 0.913175154468284
1179 0.913383912904828
1180 0.913592537733207
1181 0.913800441905351
1182 0.914008056829827
1183 0.914215513790486
1184 0.914422824327403
1185 0.914630065421855
1186 0.914836565733676
1187 0.915042386182236
1188 0.915248105172071
1189 0.915453360363431
1190 0.915658572372131
1191 0.91586357961593
1192 0.916068114235832
1193 0.9162723053758
1194 0.916476478907413
1195 0.91668040142957
1196 0.916884096839254
1197 0.917087743039676
1198 0.917291241608781
1199 0.917494398293167
1200 0.917696901483642
1201 0.917898645368351
1202 0.918100056588585
1203 0.918300921694133
1204 0.918501580365291
1205 0.918702224707928
1206 0.918902709711317
1207 0.919103003958481
1208 0.91930249383613
1209 0.919501808910268
1210 0.919701027486378
1211 0.919898824817754
1212 0.920096067553151
1213 0.92029329355912
1214 0.920490446213195
1215 0.920687407109182
1216 0.920884011026092
1217 0.921080286697606
1218 0.921276207464809
1219 0.921471516735746
1220 0.921666120591039
1221 0.921860038231693
1222 0.922053625444605
1223 0.922246801042626
1224 0.922439710535541
1225 0.922632435523367
1226 0.922825120359074
1227 0.923017630587914
1228 0.923209861135945
1229 0.923401740409177
1230 0.923593340683457
1231 0.923784820654367
1232 0.923976005292514
1233 0.924167069050237
1234 0.924357347086453
1235 0.92454762408231
1236 0.924737823040101
1237 0.924927737859585
1238 0.925117608478067
1239 0.925306921984014
1240 0.925495830837991
1241 0.925684146672955
1242 0.925872323888414
1243 0.926060320358774
1244 0.926248198834504
1245 0.926435969492418
1246 0.92662348325915
1247 0.926810882996713
1248 0.926997290321342
1249 0.927183094646258
1250 0.927368848543098
1251 0.927554363069814
1252 0.927739302757213
1253 0.927924053669417
1254 0.92810817602931
1255 0.928292245708735
1256 0.928476042719177
1257 0.928659392123697
1258 0.928842605013813
1259 0.929025418433138
1260 0.929208140714359
1261 0.929389765380507
1262 0.929570810557592
1263 0.92975148653082
1264 0.929932038834471
1265 0.930112161342152
1266 0.93029188519575
1267 0.930471303878144
1268 0.930650054874099
1269 0.930828543524233
1270 0.931006940848106
1271 0.931185262719021
1272 0.931363546882528
1273 0.931540600714572
1274 0.9317174375286
1275 0.931894219741238
1276 0.932070747580008
1277 0.932247191957088
1278 0.93242360349537
1279 0.932600002922835
1280 0.932775985846813
1281 0.932951866407961
1282 0.933127742770679
1283 0.933303285985734
1284 0.933478764347438
1285 0.933654083794262
1286 0.933829300023378
1287 0.934004372973333
1288 0.934179120243638
1289 0.934353527959673
1290 0.934527843701462
1291 0.934702106550807
1292 0.93487574584342
1293 0.935049200163264
1294 0.935221927273253
1295 0.935394617093534
1296 0.935567236159192
1297 0.935739668276772
1298 0.935911996689237
1299 0.936084208020774
1300 0.93625623253203
1301 0.936428077240699
1302 0.93659954744149
1303 0.936770904560013
1304 0.936942023949523
1305 0.937112750112394
1306 0.937283312965873
1307 0.937453389680861
1308 0.937623232266727
1309 0.937792515354778
1310 0.937961077615689
1311 0.938129331561676
1312 0.938296916688453
1313 0.9384642829019
1314 0.938631317519689
1315 0.938798224133378
1316 0.938964999068761
1317 0.939131730440441
1318 0.939298456337086
1319 0.939464327860278
1320 0.939630166524842
1321 0.939795592481316
1322 0.939960887418612
1323 0.940125474479924
1324 0.940289885233755
1325 0.940454261986257
1326 0.94061846783854
1327 0.940782572120596
1328 0.940945808880586
1329 0.941108892932804
1330 0.941271372073665
1331 0.941433049401934
1332 0.941594720754806
1333 0.941756033023593
1334 0.941917130427537
1335 0.942078172346365
1336 0.942238896274324
1337 0.942399117101124
1338 0.942559240456769
1339 0.94271922987474
1340 0.942878890358033
1341 0.943038005717049
1342 0.943197112443114
1343 0.943355762759861
1344 0.943514207655498
1345 0.943672635816605
1346 0.94383059376168
1347 0.943987970848965
1348 0.944145273068284
1349 0.944302464533276
1350 0.94445919255257
1351 0.944615790336678
1352 0.944772044254742
1353 0.94492807035596
1354 0.945084054867056
1355 0.945239375316492
1356 0.945394367130758
1357 0.945549273758507
1358 0.945703862759442
1359 0.94585820123106
1360 0.946011175481307
1361 0.946163421656517
1362 0.946315480684752
1363 0.946467478052961
1364 0.946619149001086
1365 0.946770469423624
1366 0.946921282438963
1367 0.947071942867886
1368 0.94722236904536
1369 0.947372687719774
1370 0.947522315561842
1371 0.94767177129312
1372 0.947820834404778
1373 0.947969473181526
1374 0.948117947815895
1375 0.948266029173466
1376 0.948412977481555
1377 0.948559408387005
1378 0.948705646841006
1379 0.948851522024064
1380 0.948997047677499
1381 0.949142539088504
1382 0.949288029861754
1383 0.949433375356531
1384 0.949578592810648
1385 0.949723106122012
1386 0.949867481667246
1387 0.950011786654169
1388 0.950155839597331
1389 0.950299043938816
1390 0.950442157448146
1391 0.950585055761866
1392 0.950727896708582
1393 0.950870646473624
1394 0.951013339225387
1395 0.951155808198375
1396 0.951298109790141
1397 0.951440315478596
1398 0.951581785050658
1399 0.951723196663564
1400 0.951864297936001
1401 0.952005082024436
1402 0.952145329811423
1403 0.952285541548333
1404 0.952425418790197
1405 0.952565123996017
1406 0.952704740939184
1407 0.952844236536245
1408 0.952983531516255
1409 0.953122502026711
1410 0.953261454557895
1411 0.953400276304004
1412 0.953538893617876
1413 0.95367680398613
1414 0.953814295785806
1415 0.953951588573956
1416 0.954088649552247
1417 0.954225120202541
1418 0.954361473496537
1419 0.954497617578657
1420 0.954633758552735
1421 0.954769633390612
1422 0.954905465429275
1423 0.955040770693963
1424 0.955176045938939
1425 0.955311140359156
1426 0.955445650004257
1427 0.955579748219133
1428 0.955713542127869
1429 0.955847318476282
1430 0.955980364034557
1431 0.956113062854377
1432 0.95624569607383
1433 0.956377740831384
1434 0.956509784957751
1435 0.956641089360478
1436 0.95677228233044
1437 0.95690334485309
1438 0.957034362735292
1439 0.957165332287472
1440 0.957295944058103
1441 0.957426354570432
1442 0.957556611358592
1443 0.957686626204093
1444 0.957816598303949
1445 0.957946524647707
1446 0.958075917598974
1447 0.958205091955711
1448 0.958334210154069
1449 0.958463233137603
1450 0.958592144283388
1451 0.958720843552373
1452 0.958849476612801
1453 0.958977974969645
1454 0.959106294657825
1455 0.959234512107466
1456 0.9593626524182
1457 0.959490747956332
1458 0.959618557107007
1459 0.959745836456595
1460 0.959872746029755
1461 0.959999598196842
1462 0.960125755445623
1463 0.96025185531732
1464 0.960377759884225
1465 0.96050352932975
1466 0.960628827239172
1467 0.960753893516388
1468 0.960878574587216
1469 0.961002739099259
1470 0.96112643338604
1471 0.961250118787074
1472 0.961373391668098
1473 0.961496652197891
1474 0.96161961678846
1475 0.96174244254268
1476 0.961865025219388
1477 0.961987103371257
1478 0.962108940772678
1479 0.962230546318506
1480 0.96235207447746
1481 0.962473467881679
1482 0.962594424869288
1483 0.962715071307326
1484 0.962835545941721
1485 0.962955983098611
1486 0.963076370996978
1487 0.963196709509035
1488 0.963317039729711
1489 0.963437271639593
1490 0.963557249436383
1491 0.963677154576951
1492 0.96379660570252
1493 0.963915985016442
1494 0.964035337888308
1495 0.964154612476637
1496 0.964273613330832
1497 0.964392195902002
1498 0.964509637060638
1499 0.964626918666113
1500 0.964743928189773
1501 0.964860487678789
1502 0.964976218521549
1503 0.965091808600954
1504 0.96520727881384
1505 0.965322416573922
1506 0.965437436300552
1507 0.965552313246647
1508 0.965667036973752
1509 0.9657807346032
1510 0.965894403621561
1511 0.966007908230953
1512 0.966121300849269
1513 0.966234379453609
1514 0.966347125951628
1515 0.966459717507298
1516 0.966571957003848
1517 0.96668408277352
1518 0.96679609209734
1519 0.966908016760866
1520 0.967019732989948
1521 0.96713142740831
1522 0.967243034609874
1523 0.967354408486929
1524 0.967465377101142
1525 0.967576322399878
1526 0.967687133883273
1527 0.967797816995923
1528 0.96790824411621
1529 0.968017887262082
1530 0.968127260038432
1531 0.968236616935248
1532 0.968345185221199
1533 0.968453524145233
1534 0.968561734778155
1535 0.968669732337323
1536 0.96877770322697
1537 0.968885344187424
1538 0.968992051167026
1539 0.969098721351171
1540 0.969205258221727
1541 0.969311696328717
1542 0.969418134375001
1543 0.969524305420521
1544 0.969630463871272
1545 0.969736400570017
1546 0.96984227473911
1547 0.969947819512539
1548 0.970052940242998
1549 0.970157666209738
1550 0.970262374522437
1551 0.970367049234529
1552 0.970471699440864
1553 0.970576304732872
1554 0.970680892958979
1555 0.970785277963201
1556 0.970889541320192
1557 0.970993530136142
1558 0.971097489142343
1559 0.971201337696818
1560 0.971305181348353
1561 0.971408774907724
1562 0.971512203015798
1563 0.971615423356025
1564 0.971718602555728
1565 0.971821548470967
1566 0.971924441479834
1567 0.972027318576532
1568 0.972130046622034
1569 0.972232697834005
1570 0.972335175737957
1571 0.97243764206764
1572 0.972539810165997
1573 0.972641589206066
1574 0.972743066997779
1575 0.972844374317974
1576 0.97294507498094
1577 0.973045121241037
1578 0.973145139403299
1579 0.973245053684671
1580 0.973344954777487
1581 0.973444678444425
1582 0.973544054944251
1583 0.973643377242628
1584 0.97374264515758
1585 0.973841872608625
1586 0.973941096272562
1587 0.974040199562192
1588 0.974139173348684
1589 0.974238145150646
1590 0.974337065621499
1591 0.974435759257576
1592 0.974534375651373
1593 0.974632924042825
1594 0.974730987091621
1595 0.974828907977271
1596 0.974926697921284
1597 0.975023986172768
1598 0.975121241561089
1599 0.975217658856423
1600 0.975314075922227
1601 0.97541027775051
1602 0.975506312395189
1603 0.975601993031431
1604 0.975697620761829
1605 0.97579319283296
1606 0.97588868788432
1607 0.975984182081269
1608 0.976079531196954
1609 0.976174811555159
1610 0.97626997454637
1611 0.976365023956991
1612 0.976459992323773
1613 0.976554616033096
1614 0.976649044871041
1615 0.976743376193026
1616 0.976837421629286
1617 0.97693111481896
1618 0.977024280116369
1619 0.977117305321084
1620 0.977210022682421
1621 0.977302572836099
1622 0.977395029405119
1623 0.977487402409624
1624 0.97757952797752
1625 0.977671575638797
1626 0.977762849655732
1627 0.977853692384079
1628 0.977944508316547
1629 0.978035283799874
1630 0.978125859449059
1631 0.978216116849662
1632 0.978306268989702
1633 0.978396193831268
1634 0.978485886318352
1635 0.978575003862702
1636 0.978663769078689
1637 0.97875204754651
1638 0.97884020245108
1639 0.978927561922464
1640 0.979014704288534
1641 0.979101817766728
1642 0.979188928884904
1643 0.979275914337666
1644 0.979362855502216
1645 0.979449553023854
1646 0.979536131171972
1647 0.979622386372683
1648 0.979708415605162
1649 0.979794405639973
1650 0.979880191458005
1651 0.97996596905641
1652 0.9800510798418
1653 0.980136149039488
1654 0.980220759326957
1655 0.980304923573173
1656 0.980389075954955
1657 0.980473154219529
1658 0.98055708470234
1659 0.980640895207665
1660 0.980724504813199
1661 0.980808091826635
1662 0.980891256356951
1663 0.980974221308501
1664 0.981057178678908
1665 0.981139754197323
1666 0.981222155999765
1667 0.981304529496511
1668 0.981386881208139
1669 0.98146916327066
1670 0.981551346159833
1671 0.981633525593598
1672 0.981715643207924
1673 0.981797734893673
1674 0.981879616454949
1675 0.981961476618202
1676 0.982042972430117
1677 0.982124465286169
1678 0.982205698916884
1679 0.982286660101762
1680 0.982367419214635
1681 0.982448007560914
1682 0.982528472467151
1683 0.982608927270803
1684 0.982688771954407
1685 0.982768491804912
1686 0.982848047348947
1687 0.982927482767659
1688 0.98300645476705
1689 0.983085255945276
1690 0.983163949155427
1691 0.983242539037402
1692 0.983320788504279
1693 0.983398510661076
1694 0.983476113886361
1695 0.983553310113108
1696 0.983630401667402
1697 0.983707353934193
1698 0.983784220251956
1699 0.983860949886551
1700 0.983937450105484
1701 0.984013855217242
1702 0.984089896462924
1703 0.984165586400535
1704 0.984240352804738
1705 0.984315099828046
1706 0.984389626172439
1707 0.984463958626535
1708 0.984538215804126
1709 0.984612380453164
1710 0.984686492405573
1711 0.984760313027112
1712 0.984834070725162
1713 0.984907786909166
1714 0.984981358051937
1715 0.985054829519536
1716 0.985128253004821
1717 0.985201585944624
1718 0.985274519815352
1719 0.985347404714602
1720 0.985420255760363
1721 0.985492871720843
1722 0.985565045962863
1723 0.985637210223275
1724 0.985709259434109
1725 0.985781062726335
1726 0.985852366225665
1727 0.985923616754689
1728 0.985994041998668
1729 0.986064064137163
1730 0.986133945670247
1731 0.986203680696697
1732 0.986272953439617
1733 0.986342053104158
1734 0.986411142700667
1735 0.986480170923459
1736 0.986548845963653
1737 0.986617444627293
1738 0.986685981878964
1739 0.986754336510625
1740 0.986822495605799
1741 0.986890634102289
1742 0.986958432661882
1743 0.987026185415449
1744 0.987093895715199
1745 0.98716122667164
1746 0.987228540946132
1747 0.987295837324324
1748 0.987363130842394
1749 0.987430317670102
1750 0.987497482827698
1751 0.987564157314576
1752 0.987630796298021
1753 0.987697230231876
1754 0.987763615613825
1755 0.987829670795688
1756 0.987895582206467
1757 0.987961273187136
1758 0.988026944073841
1759 0.988092428785201
1760 0.988157810972648
1761 0.988223132254958
1762 0.988288406854542
1763 0.988353570466228
1764 0.988418348152209
1765 0.988483062453481
1766 0.98854777033259
1767 0.988612434779614
1768 0.988676811738168
1769 0.988741145908066
1770 0.988805460179574
1771 0.988869756206828
1772 0.988933754255197
1773 0.988997431549718
1774 0.989061044598755
1775 0.989124267694868
1776 0.989187486922085
1777 0.989250315385538
1778 0.989313131513615
1779 0.989375924670486
1780 0.98943871619888
1781 0.989501504957312
1782 0.989564047344897
1783 0.989626413563855
1784 0.989688661226853
1785 0.989750908647934
1786 0.9898128775123
1787 0.98987480793292
1788 0.989936688221738
1789 0.989998484223676
1790 0.990060218313534
1791 0.990121938385775
1792 0.990183268638008
1793 0.990244366605571
1794 0.990305241816232
1795 0.990365871776559
1796 0.990426290422426
1797 0.990486708734778
1798 0.990547005339939
1799 0.990607030111802
1800 0.990666972020955
1801 0.990726430411239
1802 0.990785672462104
1803 0.990844867979408
1804 0.990903992685074
1805 0.990963072118153
1806 0.991022061108913
1807 0.991080952167563
1808 0.991139792843291
1809 0.991198331163148
1810 0.991256717137829
1811 0.991315060106815
1812 0.991373104572023
1813 0.991430842270191
1814 0.991488496913486
1815 0.991546114622697
1816 0.991603525891613
1817 0.991660672766611
1818 0.991717812178691
1819 0.991774854658828
1820 0.99183183265817
1821 0.991888388058371
1822 0.991944929644774
1823 0.992001397325526
1824 0.992057785330051
1825 0.992114167980882
1826 0.992170282706862
1827 0.99222581978487
1828 0.992281109020456
1829 0.992336261452771
1830 0.992391253038255
1831 0.992446181283428
1832 0.992500923591597
1833 0.99255544057194
1834 0.992609906757958
1835 0.992664299284232
1836 0.992718422893344
1837 0.992772514257088
1838 0.992826594833974
1839 0.992880390767138
1840 0.992934143619288
1841 0.992987768721859
1842 0.993041297358975
1843 0.993094697341586
1844 0.993148001714228
1845 0.99320120529894
1846 0.993254308690907
1847 0.99330738869682
1848 0.993360437639423
1849 0.993413385896463
1850 0.993466003926958
1851 0.993518613586416
1852 0.993571153292391
1853 0.993623654725292
1854 0.993676131726041
1855 0.993728345522481
1856 0.993780518565386
1857 0.993832510002133
1858 0.993884493536736
1859 0.993936149623083
1860 0.9939877761065
1861 0.994039196525203
1862 0.994090366383809
1863 0.994141253508788
1864 0.994192112789096
1865 0.994242922522511
1866 0.994293594292013
1867 0.994344235484545
1868 0.994394643895246
1869 0.994445001785918
1870 0.994494821570429
1871 0.99454463426797
1872 0.994594384759297
1873 0.994644069135261
1874 0.994693682098853
1875 0.994743101352672
1876 0.994792299909905
1877 0.994841412605342
1878 0.994890477695016
1879 0.994939398971105
1880 0.994988141455336
1881 0.995036869779334
1882 0.995085592994758
1883 0.995134271685891
1884 0.995182775264777
1885 0.995231241936023
1886 0.995279594300791
1887 0.995327929101552
1888 0.995376144350635
1889 0.995423821070845
1890 0.995471394270233
1891 0.995518944241727
1892 0.995566342862001
1893 0.995613707361952
1894 0.99566098999829
1895 0.995708222803827
1896 0.995755358829504
1897 0.99580231392961
1898 0.995849207551453
1899 0.995896049687517
1900 0.995942604418536
1901 0.995989103919828
1902 0.99603554403472
1903 0.996081919063477
1904 0.996128252547342
1905 0.996174388773925
1906 0.996220449325734
1907 0.996266448731494
1908 0.996312425159499
1909 0.996358341155112
1910 0.996404256666693
1911 0.996449620911487
1912 0.996494914715996
1913 0.996539877352303
1914 0.996584719812646
1915 0.996629468083972
1916 0.996674204457289
1917 0.996718824026845
1918 0.996763370647894
1919 0.996807866107189
1920 0.996852319629
1921 0.996896637712113
1922 0.996940855807401
1923 0.996984934337308
1924 0.997028984294884
1925 0.997073025871981
1926 0.997116728987069
1927 0.99716040544327
1928 0.997203680569953
1929 0.997246941214327
1930 0.997290051133907
1931 0.997333106884331
1932 0.997376065409581
1933 0.997418732178905
1934 0.997461066219512
1935 0.997503090639305
1936 0.997544909443849
1937 0.997586718046041
1938 0.997628524949624
1939 0.997670322783428
1940 0.997712099774755
1941 0.997753535323696
1942 0.997794933867595
1943 0.997836275618637
1944 0.997877513127592
1945 0.997918585717614
1946 0.9979595162497
1947 0.99800042802228
1948 0.998040894917073
1949 0.998081333188739
1950 0.998121583339547
1951 0.998161746769904
1952 0.998201782629521
1953 0.998241696357969
1954 0.99828146436924
1955 0.99832121381366
1956 0.998360958794773
1957 0.998400672162127
1958 0.998440333972848
1959 0.998479939044868
1960 0.998519526446814
1961 0.998559113041526
1962 0.998598674114434
1963 0.998638188065176
1964 0.998677367128261
1965 0.998716537212848
1966 0.9987556482877
1967 0.998794624528846
1968 0.998833205557464
1969 0.99887173974359
1970 0.998910266927946
1971 0.998948654546166
1972 0.998986873279493
1973 0.999024944792246
1974 0.999062699529416
1975 0.999100022591706
1976 0.99913734318156
1977 0.999174476341302
1978 0.999211423082542
1979 0.999248235356205
1980 0.999284974407233
1981 0.999321711724977
1982 0.999358436261064
1983 0.99939515738767
1984 0.999431662328708
1985 0.999468118547394
1986 0.99950450111838
1987 0.999540561303345
1988 0.999576355529663
1989 0.999612133032923
1990 0.999647735941765
1991 0.999683275333278
1992 0.999718693798999
1993 0.999754071732617
1994 0.999789422821233
1995 0.999824755893569
1996 0.999859986983539
1997 0.999895114670195
1998 0.999930109815974
1999 0.999965096758388
2000 1
