# sku weight
1 2.00098722334997
2 2.00186871737329
3 2.00324369035812
4 2.00601749681217
5 2.01326861698798
6 2.01329943445199
7 2.01546707563822
8 2.01611533202981
9 2.02087616921443
10 2.02262476273935
11 2.02378624585633
12 2.02416944691174
13 2.02551089228387
14 2.03548773752315
15 2.04037439266237
16 2.04202182779183
17 2.04248296378296
18 2.0446091033726
19 2.04698759692115
20 2.04741997739646
21 2.04847207388304
22 2.05276445767505
23 2.05484723209164
24 2.05937670919084
25 2.05949092379747
26 2.06146669483812
27 2.06208534075976
28 2.07106334812523
29 2.07391404457107
30 2.0804886613416
31 2.08350680586114
32 2.08391541805301
33 2.08400344200619
34 2.08540579028679
35 2.087900141295
36 2.09604412414881
37 2.10126190637297
38 2.10178594575347
39 2.10277502150404
40 2.10340444375919
41 2.10596711566018
42 2.11182898847006
43 2.11198704322427
44 2.11509080050285
45 2.11552564525768
46 2.11794796498397
47 2.11884244536927
48 2.11977906996374
49 2.12111985037155
50 2.12150450987811
51 2.1252913307982
52 2.12559435056783
53 2.12939210987156
54 2.13300652901316
55 2.13443788147272
56 2.13462130265991
57 2.13709500345266
58 2.13803170348426
59 2.13963338739222
60 2.1424908061244
61 2.14260813879902
62 2.14708962950254
63 2.14745515871209
64 2.15079166188407
65 2.15243086319064
66 2.1549730385444
67 2.15573247529368
68 2.16363921676001
69 2.17479101483468
70 2.1772195986366
71 2.17876633078734
72 2.18081576478706
73 2.18204007585628
74 2.18446848084427
75 2.18458954905373
76 2.18677422785516
77 2.18866022591882
78 2.18885198709967
79 2.19060547565604
80 2.19234806773828
81 2.19311170382104
82 2.19434037068595
83 2.19459306550892
84 2.19597923392243
85 2.19661752423114
86 2.20025176098582
87 2.2043715921251
88 2.20667035701064
89 2.2097369349607
90 2.21277276808991
91 2.2139111199481
92 2.22366805757567
93 2.22622702467545
94 2.23751894302551
95 2.24008711904291
96 2.24193815339447
97 2.25217289023668
98 2.25391044200114
99 2.25662038673489
100 2.25752416544479
101 2.26179047592999
102 2.26653492928787
103 2.27126578999277
104 2.27167871048287
105 2.27418420662833
106 2.27532667120701
107 2.27593495150839
108 2.27699074720824
109 2.28291364865513
110 2.28479680525362
111 2.28744743684654
112 2.28805153457823
113 2.29107774807656
114 2.29181937886952
115 2.29294020696214
116 2.29355516764035
117 2.29694036966979
118 2.29890254526348
119 2.3000120158773
120 2.31496238071237
121 2.32016166128226
122 2.3228430041684
123 2.32657183349439
124 2.32770740814866
125 2.32997331317979
126 2.33955509976463
127 2.34101297815377
128 2.34205038675203
129 2.34403290801869
130 2.35030285378466
131 2.35260309388517
132 2.36034114396215
133 2.36257117724166
134 2.36282702086625
135 2.36443759517951
136 2.36461363749793
137 2.36492970509684
138 2.36665240133491
139 2.37060100975009
140 2.37418739701351
141 2.376146041032
142 2.37862688041228
143 2.38040999899637
144 2.38520650397297
145 2.39902451280459
146 2.40221223440124
147 2.40286233481153
148 2.40366345197133
149 2.40586420446907
150 2.4108113182759
151 2.4181627893905
152 2.41867328640943
153 2.42342852448273
154 2.42661522069323
155 2.4294662607971
156 2.4390935164127
157 2.44017834702515
158 2.44180957434783
159 2.44297837766026
160 2.44340594133521
161 2.44527754208319
162 2.44994155711026
163 2.45568354076505
164 2.45640871788208
165 2.45667339044468
166 2.45903205520428
167 2.46241027510837
168 2.46255004054985
169 2.46755832269208
170 2.46910395960747
171 2.46939972623689
172 2.47072865742758
173 2.47139036956774
174 2.47243967208659
175 2.47760769933351
176 2.47827959827999
177 2.4914128028282
178 2.49736454640392
179 2.49834706471225
180 2.49882159498465
181 2.5008175272964
182 2.50135130924236
183 2.50143006281063
184 2.50383607135333
185 2.50442425743883
186 2.50896907900878
187 2.50902828597884
188 2.51120307692848
189 2.513007281587
190 2.51377842506104
191 2.51757333731166
192 2.51947930106869
193 2.52303933562852
194 2.52469476988758
195 2.5300557820732
196 2.53282874474899
197 2.53642461473887
198 2.54306992448078
199 2.54542614451862
200 2.54739824149171
201 2.54772150914544
202 2.54946185208366
203 2.55120295777507
204 2.55763683121541
205 2.55923600614035
206 2.55998129423707
207 2.56582480229709
208 2.56622997511468
209 2.56634720161853
210 2.56950777423079
211 2.5702596421215
212 2.57059551615761
213 2.57099932831293
214 2.57654517822738
215 2.57951866676077
216 2.58613526569034
217 2.58701522582537
218 2.58795792171171
219 2.58862986815564
220 2.58869935692693
221 2.5891048957543
222 2.58984022056211
223 2.60116042783538
224 2.60172530384815
225 2.6035383178869
226 2.60724492119963
227 2.6107275516776
228 2.61081156349313
229 2.61324779717869
230 2.61507404624255
231 2.62039473867994
232 2.62130303802961
233 2.62130984413499
234 2.62299649539543
235 2.62955905898919
236 2.6310173564735
237 2.63253444742064
238 2.64866570786045
239 2.65246547602698
240 2.65773100995353
241 2.65900228203228
242 2.65957484983819
243 2.66005388678054
244 2.6625673904375
245 2.66571519741123
246 2.66625455611677
247 2.66675389682257
248 2.67413741195301
249 2.67532620051658
250 2.67842094724924
251 2.67870029652431
252 2.67879928680081
253 2.68759987442177
254 2.68896844363258
255 2.69092984809118
256 2.69252593288781
257 2.69709443333423
258 2.70452809459741
259 2.70881600804106
260 2.70946518364803
261 2.71625464536075
262 2.72380468934952
263 2.72439713064786
264 2.73232565668054
265 2.73472118784428
266 2.73499650262995
267 2.73557440970818
268 2.73731905815067
269 2.74480767675899
270 2.74598512460756
271 2.74758728069607
272 2.75072694884181
273 2.75183677987747
274 2.75316348986382
275 2.75511959137168
276 2.75545715017033
277 2.75950862688921
278 2.76417023910404
279 2.764203397913
280 2.76516760176288
281 2.76691252680817
282 2.76865717804463
283 2.77410177456872
284 2.77731002903418
285 2.78092868103689
286 2.78094730283178
287 2.78114042746888
288 2.78419004603484
289 2.78438570480067
290 2.78540442175484
291 2.78715761973856
292 2.78797629419154
293 2.7894398499231
294 2.79333341158616
295 2.79622610136691
296 2.80253643393635
297 2.8089527417016
298 2.81120595094338
299 2.81725365613459
300 2.81929410194014
301 2.81974635031994
302 2.82561152839363
303 2.83646154442637
304 2.83953794876092
305 2.85060743095847
306 2.85169315284663
307 2.8542075561612
308 2.8585657323052
309 2.85875371324772
310 2.86122774931659
311 2.86280248819981
312 2.86980706866356
313 2.87193885486198
314 2.87247706245281
315 2.8812239053106
316 2.8834936045499
317 2.88980524190227
318 2.88995789591687
319 2.89202325553262
320 2.89273896948096
321 2.89871762455381
322 2.9047326347347
323 2.91382908397998
324 2.91779659638079
325 2.92040244067107
326 2.92085027737583
327 2.92214741041984
328 2.92254696456834
329 2.9297334490948
330 2.93051382383821
331 2.93100206969818
332 2.93468372567309
333 2.93516308392173
334 2.94289376351186
335 2.94351195960469
336 2.946499479444
337 2.94869787662695
338 2.94977404593945
339 2.95230120930462
340 2.95292309902279
341 2.96123311620263
342 2.96252836331843
343 2.96837612100336
344 2.96856563024622
345 2.97043425541857
346 2.97569077600524
347 2.97801375620906
348 2.98077108663543
349 2.98226165724092
350 2.98593351756499
351 2.98637096350378
352 2.9874133872741
353 2.99024719418504
354 2.9934338764257
355 2.99438689881674
356 3.00244218157718
357 3.00328467739899
358 3.00572506571455
359 3.00574308401241
360 3.00716317678204
361 3.0088081532199
362 3.00927332090646
363 3.01408735803053
364 3.01606820571053
365 3.01781936130385
366 3.0205358327462
367 3.02167249984186
368 3.02186406544496
369 3.02482991806456
370 3.02536737128411
371 3.02704376309507
372 3.02931237827489
373 3.02961651842558
374 3.03337068624486
375 3.0335389278054
376 3.03564146954363
377 3.04061762105702
378 3.04266929861282
379 3.04964137126209
380 3.05091910858216
381 3.0528012565583
382 3.05845172380025
383 3.06315357753223
384 3.07332105518939
385 3.07398256057593
386 3.07829021619553
387 3.07968297837287
388 3.0798407202027
389 3.07988063761959
390 3.0815806580156
391 3.08246602168422
392 3.08628301745573
393 3.08776036141802
394 3.09133989228464
395 3.09872192102425
396 3.10607455722339
397 3.10643040812874
398 3.10907962597398
399 3.11256270628076
400 3.11279692738913
401 3.11941254004809
402 3.11987048812205
403 3.12086308985989
404 3.1212295997521
405 3.12192801904023
406 3.12757558334972
407 3.13377351459757
408 3.13500639197184
409 3.13587758463615
410 3.13736709353391
411 3.14165397320951
412 3.1430987758297
413 3.14322206803748
414 3.14332974196567
415 3.14547400322998
416 3.14635800623631
417 3.15121298616343
418 3.1540866378481
419 3.15434378625562
420 3.15634468624198
421 3.1601153161191
422 3.16090503109661
423 3.16590711342446
424 3.166274201668
425 3.16952109391313
426 3.175040504511
427 3.1758030118308
428 3.17758930995017
429 3.17993341534395
430 3.1809395734132
431 3.1810731390403
432 3.18160371071734
433 3.18633893001188
434 3.18749844617559
435 3.18845002129136
436 3.19403320979049
437 3.19748443607124
438 3.19783388320256
439 3.19852355457774
440 3.19989080503578
441 3.20139642115747
442 3.21579385139784
443 3.21673794426803
444 3.22334679831907
445 3.22602777240147
446 3.22751559094876
447 3.23494369780409
448 3.23665545007058
449 3.23850767744636
450 3.23954679315889
451 3.24513774888829
452 3.24559878150262
453 3.24594284186416
454 3.24892424570812
455 3.25225047825475
456 3.2545951927335
457 3.26543131715871
458 3.26575590077124
459 3.26957911312095
460 3.28115329206044
461 3.28178112175399
462 3.28355253361331
463 3.28391625233177
464 3.29110803980898
465 3.29272469100204
466 3.29444813602345
467 3.29650593516254
468 3.29687849120092
469 3.29783598114636
470 3.31148423408693
471 3.31228323341919
472 3.31719891229514
473 3.32000478791073
474 3.32281982774046
475 3.32715012846848
476 3.32788843723381
477 3.32871188657764
478 3.33722430157346
479 3.33973816565226
480 3.34030141557581
481 3.34327926549282
482 3.35483287803588
483 3.35813493717375
484 3.35969705291078
485 3.36230627790201
486 3.3688074189093
487 3.37216353014678
488 3.37363405123988
489 3.376196798578
490 3.37794790667386
491 3.38156890281549
492 3.38615335122969
493 3.39295116411194
494 3.39322736458538
495 3.39722737083082
496 3.40219227103619
497 3.40226019518555
498 3.40245897201936
499 3.41152230157122
500 3.4138724503172
501 3.41558756093289
502 3.41745354021781
503 3.4182155641812
504 3.42153223856424
505 3.42180310814725
506 3.42519499334749
507 3.42572041853597
508 3.43426694228978
509 3.4377924378206
510 3.4389571312065
511 3.44021346952776
512 3.44142807155914
513 3.44184333618816
514 3.44633792780635
515 3.45170238216021
516 3.45417673115347
517 3.45481855583136
518 3.45990095355543
519 3.46048931845487
520 3.4620148332147
521 3.46353381847196
522 3.46403249421345
523 3.46537184410979
524 3.4681245561075
525 3.47038018213137
526 3.47403166046088
527 3.47472419565298
528 3.47881875535418
529 3.49035677476337
530 3.49285077093768
531 3.49341003386928
532 3.49637968907895
533 3.49734294297981
534 3.50448997388803
535 3.5065172936332
536 3.5090824493715
537 3.51805211953728
538 3.51822044771082
539 3.51960555721056
540 3.52222770150855
541 3.52424672316958
542 3.52987110872281
543 3.53374818877026
544 3.5428092524143
545 3.54281619542409
546 3.54306022894711
547 3.54527544860974
548 3.54565174856486
549 3.54784213823632
550 3.54873536413011
551 3.55072125492185
552 3.55074978692026
553 3.55139533036919
554 3.55139591710241
555 3.55299315860169
556 3.5531036097338
557 3.55353652385694
558 3.55688670350094
559 3.56035815252008
560 3.56682252211814
561 3.56730459051547
562 3.56848115826421
563 3.57375401518017
564 3.57986789829092
565 3.58210242706449
566 3.5822793103672
567 3.58532149139108
568 3.59522416237519
569 3.59881544467007
570 3.59998717885464
571 3.60510711912304
572 3.60588582027978
573 3.60748449229053
574 3.6078131411261
575 3.60934151690888
576 3.61695885640427
577 3.61829754692423
578 3.61932735034233
579 3.62140448653205
580 3.62346364633341
581 3.62455353682141
582 3.62484355346525
583 3.62546997499907
584 3.62692296953263
585 3.62820709106895
586 3.63085897994733
587 3.6347412176592
588 3.63874425535963
589 3.64070890082079
590 3.64357220364901
591 3.64522445278485
592 3.64941340109772
593 3.64965611586797
594 3.65157914797383
595 3.65281884262935
596 3.65443772899659
597 3.65516047815567
598 3.65744014347784
599 3.6684262425026
600 3.66904684420165
601 3.67017355918427
602 3.67021529826811
603 3.67057585142114
604 3.6727761959996
605 3.67403953600397
606 3.68081813477018
607 3.68373191900725
608 3.68448675688565
609 3.68949402761156
610 3.69448054474521
611 3.70063496273972
612 3.70108700995384
613 3.70109742865949
614 3.70806332943405
615 3.70875179102121
616 3.72596713049615
617 3.7277104573919
618 3.73037634963653
619 3.73805146279654
620 3.74652327585338
621 3.74714380770323
622 3.74879023700431
623 3.75143770861972
624 3.75341722916505
625 3.76591837954052
626 3.76638560917526
627 3.7676983996144
628 3.76789685793589
629 3.77568357893065
630 3.77704007261295
631 3.77726188571065
632 3.781874888475
633 3.78289486550861
634 3.78470181943136
635 3.78911225115373
636 3.79119238247685
637 3.79746881862984
638 3.7988870394411
639 3.8033064370059
640 3.80620404416984
641 3.806580861009
642 3.80723757753486
643 3.80963970246242
644 3.8099385201046
645 3.81048117289808
646 3.81142516239147
647 3.81409138432429
648 3.81921684267894
649 3.81930544218947
650 3.82557343776597
651 3.82620833899184
652 3.82709391220803
653 3.8273558606521
654 3.8318888525627
655 3.83378836784223
656 3.84233334653188
657 3.84671521272823
658 3.85450451814314
659 3.85552986797668
660 3.85671662253175
661 3.85868196648484
662 3.86300101311086
663 3.86585776129079
664 3.86945676611245
665 3.87231938441858
666 3.87544126057785
667 3.88249293616158
668 3.88766004698708
669 3.8877180888726
670 3.88990776887625
671 3.89551601367794
672 3.89898776165163
673 3.9051532884618
674 3.90557347606196
675 3.911327211145
676 3.91144523392964
677 3.91224298156437
678 3.91322136759442
679 3.92495418243341
680 3.92514578715206
681 3.9296943498448
682 3.93082233049479
683 3.93149278495996
684 3.93198354818485
685 3.93224955347006
686 3.93815854933958
687 3.94419582185531
688 3.94625261795998
689 3.94816125833809
690 3.9491216428341
691 3.95290721485061
692 3.95882566550692
693 3.95910160334739
694 3.96199180370289
695 3.9631574749775
696 3.9638494737278
697 3.96813594269014
698 3.96915352529341
699 3.97475463988946
700 3.9777800738708
701 3.97951426728606
702 3.98398836235702
703 3.98452089260543
704 3.98461869823961
705 3.98784823156327
706 3.98979170992495
707 3.99258895218027
708 4.00671121850922
709 4.00859974231971
710 4.00923112035228
711 4.01477286313417
712 4.01529026963529
713 4.01653889660562
714 4.01668070723148
715 4.02357633133585
716 4.02535668668587
717 4.02572313511079
718 4.02583417018216
719 4.02676556726301
720 4.02938681469736
721 4.03030031362097
722 4.03202366364748
723 4.03252283112729
724 4.03824843654327
725 4.04063674530044
726 4.04176288472571
727 4.04371028861204
728 4.04472896924463
729 4.04493000081039
730 4.04690619932809
731 4.04987436814693
732 4.0539953001095
733 4.0539978705598
734 4.05644072036093
735 4.05829906931999
736 4.05889456442506
737 4.06114383137838
738 4.06499747283058
739 4.06551139804791
740 4.06676320734749
741 4.07220767534906
742 4.07260456684632
743 4.08046566046796
744 4.0805421313646
745 4.08143377866663
746 4.08490146141728
747 4.08525525037444
748 4.08634513806847
749 4.08790055945884
750 4.08996894494163
751 4.09045981992523
752 4.09597851247339
753 4.0985593535465
754 4.10216550533761
755 4.10433868696184
756 4.10718504716977
757 4.11066056979385
758 4.11203216766568
759 4.11292091203524
760 4.11506228154295
761 4.11554173199252
762 4.11603417997995
763 4.12168703885828
764 4.12574538594379
765 4.12728924868968
766 4.12744259560827
767 4.13171523443037
768 4.13292566227397
769 4.13427039335215
770 4.13727458200291
771 4.13729448343501
772 4.13845476235191
773 4.14828809543899
774 4.14942944243058
775 4.15108234814884
776 4.1599570122361
777 4.16466903042266
778 4.16506243784216
779 4.16563412834221
780 4.16742056057203
781 4.17160272792522
782 4.1718343506436
783 4.17249169860617
784 4.17253358018237
785 4.18035829634422
786 4.180615335787
787 4.1809649058529
788 4.18132876706371
789 4.18212415938365
790 4.18323510521242
791 4.19511110810335
792 4.19962336877343
793 4.20792128807303
794 4.20957868928536
795 4.20974831944785
796 4.21274178485048
797 4.21383229839328
798 4.21421717303536
799 4.2166335667561
800 4.21988217449742
801 4.22586000814375
802 4.22619177225334
803 4.22953830856343
804 4.23380834340761
805 4.23525254811871
806 4.23538837965363
807 4.2371820007624
808 4.24105014570106
809 4.24127753555834
810 4.24269528977698
811 4.24340912617902
812 4.24729577835989
813 4.24823999695864
814 4.2504701978762
815 4.25168376334556
816 4.25699576654332
817 4.25813502364705
818 4.26267027867151
819 4.26280018699486
820 4.26316732832378
821 4.26483459783012
822 4.266442693894
823 4.27076839575114
824 4.27376338386618
825 4.27539406077722
826 4.2781238790034
827 4.28240907112249
828 4.28361016711388
829 4.28602704139707
830 4.28609746335358
831 4.28961692950205
832 4.3012814793276
833 4.30712074614462
834 4.31135413530811
835 4.31195302508397
836 4.31235832363011
837 4.31451444808138
838 4.31477911505605
839 4.31586265206144
840 4.32144847247817
841 4.32199709039274
842 4.32269181884951
843 4.32781230394161
844 4.32932501115339
845 4.3322939706651
846 4.33663787522197
847 4.33675379414892
848 4.34165056624527
849 4.34340324455099
850 4.34401057769731
851 4.3530964210411
852 4.35324371622561
853 4.35533146949268
854 4.35577476041195
855 4.35873827727453
856 4.35954871231669
857 4.36076763382217
858 4.36621899733609
859 4.37216780724571
860 4.37534925638481
861 4.37791867012992
862 4.38063648267679
863 4.38524736481963
864 4.39154241438561
865 4.39273265301843
866 4.39687471017096
867 4.39854599460892
868 4.40106177534958
869 4.40271900892384
870 4.40678917169887
871 4.41405260768442
872 4.41700391490804
873 4.42507713214731
874 4.4251535806922
875 4.42611986325407
876 4.42754353789033
877 4.42867168617839
878 4.43095278201203
879 4.43403389138823
880 4.43966781554728
881 4.44401638882422
882 4.45987037870096
883 4.46306195597307
884 4.46467100477995
885 4.46813370029821
886 4.46843159313706
887 4.47676489524393
888 4.47871579158991
889 4.48475189343316
890 4.48526194621123
891 4.48537010349583
892 4.49328734469287
893 4.49587731365854
894 4.49622167018066
895 4.49857272696615
896 4.50491453078804
897 4.5114600148571
898 4.51210321975504
899 4.51283680671492
900 4.51668921602736
901 4.51933017769797
902 4.52041164996122
903 4.52648684500087
904 4.53007415986158
905 4.53109450011099
906 4.53722418031526
907 4.5387094926735
908 4.54773830275412
909 4.54909645884721
910 4.54995049096176
911 4.55108041621329
912 4.55299884386035
913 4.55554061967672
914 4.55682793192418
915 4.56357545338738
916 4.56691380057806
917 4.57175037105184
918 4.57308113508536
919 4.57334419552858
920 4.57637814272958
921 4.57685708747099
922 4.57901896190784
923 4.57994269792919
924 4.58618875527111
925 4.59139114832105
926 4.59547361293597
927 4.59683353481667
928 4.60145443612777
929 4.60261995932209
930 4.60437545674125
931 4.61478382470775
932 4.617308470708
933 4.61907575587699
934 4.61970438464531
935 4.62278159364256
936 4.62278734921608
937 4.62409470818196
938 4.62689074344323
939 4.62896418321364
940 4.63515481941176
941 4.64273247338959
942 4.64384627185941
943 4.64705682296634
944 4.64888524853107
945 4.65223614343081
946 4.65519443557374
947 4.67177756720771
948 4.67794545492062
949 4.68139919856628
950 4.68422774722996
951 4.6850860736729
952 4.68518145693707
953 4.68615651814554
954 4.68706841891961
955 4.69207842493992
956 4.69347341949748
957 4.6955348507946
958 4.70165315675626
959 4.70633321753998
960 4.71442700396964
961 4.71477268203849
962 4.71625673711126
963 4.71652202714073
964 4.72290672674911
965 4.72362201042642
966 4.72801136445627
967 4.73079397749658
968 4.73100014996296
969 4.73496168886077
970 4.73514662717243
971 4.73709635005197
972 4.73795775824131
973 4.738825195813
974 4.73915711638478
975 4.74113195144624
976 4.74849175696657
977 4.75337226537679
978 4.75420706381752
979 4.75717324333134
980 4.75735163537662
981 4.75877385994362
982 4.76064497174725
983 4.76134513167727
984 4.76191675232813
985 4.76709658129471
986 4.77052577155201
987 4.77267797606656
988 4.77291929385295
989 4.77292620892307
990 4.77741645033351
991 4.78332003428755
992 4.78465684446723
993 4.78581429030086
994 4.79027425907099
995 4.79138742889808
996 4.79524787645566
997 4.80292516052859
998 4.81872497257717
999 4.81962612775137
1000 4.82498549429001
1001 4.82918440868574
1002 4.82955982574707
1003 4.83074017373414
1004 4.83916180433666
1005 4.840694720317
1006 4.84302757999069
1007 4.84490428811168
1008 4.84904401230116
1009 4.85573537221911
1010 4.85754333197025
1011 4.85805337636641
1012 4.85857822879151
1013 4.85998105763457
1014 4.86257254931264
1015 4.86810999776614
1016 4.88593596168139
1017 4.8887784801837
1018 4.88936497591872
1019 4.89532854635982
1020 4.89640853223224
1021 4.89685560618381
1022 4.89870640304811
1023 4.89903764189176
1024 4.90055343643788
1025 4.91347569083491
1026 4.91761573633068
1027 4.91801149627101
1028 4.92558138860649
1029 4.92710662396956
1030 4.92780831499389
1031 4.93829159761699
1032 4.93955369430573
1033 4.94180319595235
1034 4.94237271833344
1035 4.94375124803919
1036 4.94791939526234
1037 4.96161460921244
1038 4.96397138245589
1039 4.96683421869149
1040 4.96770080689699
1041 4.96858998153759
1042 4.973079532838
1043 4.97605413057658
1044 4.98370378230871
1045 4.98950950754318
1046 4.98993142740332
1047 4.99173549236345
1048 4.99249630374485
1049 4.99303790600646
1050 4.99910033820155
1051 5.00170298619275
1052 5.0080191441849
1053 5.00961898966209
1054 5.01124971407058
1055 5.01290731086065
1056 5.02669170546657
1057 5.03867435689954
1058 5.05146222703693
1059 5.05561639045161
1060 5.06352378291242
1061 5.06465382271663
1062 5.07656675906692
1063 5.07672969488275
1064 5.0831906027548
1065 5.08800680799783
1066 5.09194000209306
1067 5.09244978665023
1068 5.096857673068
1069 5.09819699502466
1070 5.09953619963468
1071 5.10093038673556
1072 5.10197039931173
1073 5.10479878592528
1074 5.10686786990001
1075 5.11943998984966
1076 5.12433913681858
1077 5.12563648779208
1078 5.12589177821106
1079 5.12667723518176
1080 5.12695418164458
1081 5.12917719368319
1082 5.13407475367844
1083 5.13507359155224
1084 5.14238096268027
1085 5.14434062090904
1086 5.14806817059781
1087 5.14884443262073
1088 5.1491052467139
1089 5.14914900583641
1090 5.1491597234966
1091 5.15145749093567
1092 5.15351175291162
1093 5.15398892068955
1094 5.15655032133523
1095 5.15936209501669
1096 5.15960880795476
1097 5.16212153488869
1098 5.16277350166942
1099 5.16313417216909
1100 5.16347001547155
1101 5.17030368613559
1102 5.17091966940599
1103 5.18163952007035
1104 5.18632385283072
1105 5.19044512006941
1106 5.19501064773417
1107 5.19794140532517
1108 5.20341394152651
1109 5.20475903861446
1110 5.20870698485929
1111 5.20951238237764
1112 5.2146306211197
1113 5.21596011669187
1114 5.22911406645044
1115 5.24141066206685
1116 5.24355017079206
1117 5.246190671458
1118 5.2467640802482
1119 5.25417906942506
1120 5.25458724575796
1121 5.25590580015253
1122 5.25721062498969
1123 5.25773921294964
1124 5.25883344805745
1125 5.26592510811329
1126 5.26729880425488
1127 5.26840025338735
1128 5.2802071307228
1129 5.28791429348659
1130 5.28792372312766
1131 5.29123772927152
1132 5.29693874218359
1133 5.30014225528582
1134 5.3005131489134
1135 5.30338077400968
1136 5.30782702160432
1137 5.31006030706226
1138 5.31035712981148
1139 5.31066725184706
1140 5.3112174399715
1141 5.31484230296446
1142 5.31868950711502
1143 5.32934269091549
1144 5.33109612638648
1145 5.33275299674494
1146 5.34450976147526
1147 5.34908499258993
1148 5.3522450371423
1149 5.35360899071843
1150 5.35380152303437
1151 5.35675068728474
1152 5.35703905828159
1153 5.35823344036854
1154 5.36466586094567
1155 5.37136114918225
1156 5.3720911542755
1157 5.37779463146711
1158 5.3946076423836
1159 5.39491994650798
1160 5.39527773642693
1161 5.40095656802922
1162 5.40421819566014
1163 5.40693623172442
1164 5.41434108718035
1165 5.41598812556639
1166 5.41875939230377
1167 5.41944887368914
1168 5.42037301204185
1169 5.42101999438415
1170 5.42202483928857
1171 5.42284910447097
1172 5.42468486699494
1173 5.42951776898909
1174 5.43140802505957
1175 5.43471742953859
1176 5.43659733116468
1177 5.44411684267415
1178 5.44502997558798
1179 5.44559027228765
1180 5.45166410107709
1181 5.45280989047736
1182 5.45418910191124
1183 5.46469504081863
1184 5.48149670822616
1185 5.48238287935144
1186 5.48594821686202
1187 5.48666224604783
1188 5.48773651266831
1189 5.48890740307463
1190 5.48924409574328
1191 5.48989563225298
1192 5.49015579535167
1193 5.49421154684118
1194 5.49422718188457
1195 5.49445021874013
1196 5.49527346691828
1197 5.49568787659318
1198 5.49675797740778
1199 5.49687592754926
1200 5.50717533636241
1201 5.50902186125006
1202 5.5104995460764
1203 5.51136194612429
1204 5.51484364621101
1205 5.51815429679963
1206 5.52031292743995
1207 5.52608410246954
1208 5.52912029881455
1209 5.53016415868428
1210 5.53334981274481
1211 5.53409397487254
1212 5.5346685208076
1213 5.53593695421514
1214 5.53891823512452
1215 5.54086970143992
1216 5.54633479451124
1217 5.54807275698896
1218 5.55794938260594
1219 5.56211744321609
1220 5.56343016939397
1221 5.57049942462263
1222 5.57428372258986
1223 5.58286559562332
1224 5.59300377294095
1225 5.59686180092248
1226 5.60081924665757
1227 5.60292852185803
1228 5.60822544880594
1229 5.60878290124647
1230 5.60973655228025
1231 5.61106011067101
1232 5.6134059120032
1233 5.61842740123087
1234 5.62668067292621
1235 5.6277024185414
1236 5.62780375575079
1237 5.63035790325625
1238 5.64163626248093
1239 5.64197627997118
1240 5.64473477548209
1241 5.6464589050256
1242 5.64678107465002
1243 5.64861134423344
1244 5.64979235997879
1245 5.6551052684221
1246 5.65916747118308
1247 5.66086180864873
1248 5.66228201876501
1249 5.67564587931877
1250 5.67583175081566
1251 5.67790223736218
1252 5.67855186000399
1253 5.68068418543818
1254 5.6809202365954
1255 5.68106402814438
1256 5.68478008624389
1257 5.69239249718021
1258 5.69629722912623
1259 5.69693441861166
1260 5.69789608553885
1261 5.69843167518192
1262 5.70006205313842
1263 5.70192468245603
1264 5.7150918085664
1265 5.71523352978529
1266 5.71687717350054
1267 5.71899008085904
1268 5.72371423324743
1269 5.72421867294434
1270 5.72767529717073
1271 5.72898478793399
1272 5.73040748468154
1273 5.73203608288059
1274 5.73359297948591
1275 5.73414843982744
1276 5.73484698484412
1277 5.74282099667137
1278 5.74990820873059
1279 5.75260938599362
1280 5.75472342211507
1281 5.75742394558965
1282 5.77137816872978
1283 5.77623761900525
1284 5.78468181927906
1285 5.78934025475259
1286 5.79426006311283
1287 5.80174196502275
1288 5.80415999042064
1289 5.80419785706522
1290 5.80612582890602
1291 5.80714522200038
1292 5.80762594649923
1293 5.81067377692585
1294 5.81318222070727
1295 5.8149783815327
1296 5.81647493961103
1297 5.81651519230405
1298 5.81907926398287
1299 5.82152599739913
1300 5.83160935707
1301 5.83902798678681
1302 5.84362397708168
1303 5.84365837361834
1304 5.84558587886653
1305 5.84945987716758
1306 5.85327605151258
1307 5.85342370991289
1308 5.8548924205149
1309 5.85591124922778
1310 5.85696285118207
1311 5.86320403863825
1312 5.86664576542873
1313 5.86794803937336
1314 5.87034340289903
1315 5.87240412452836
1316 5.87395605345907
1317 5.88304086862274
1318 5.88456144923557
1319 5.89562880242971
1320 5.89586232784012
1321 5.89917976497634
1322 5.89988553519355
1323 5.8998891673516
1324 5.90221688891864
1325 5.90387199907744
1326 5.90991889401801
1327 5.91051492835885
1328 5.91094775586899
1329 5.91152420170211
1330 5.91323141935898
1331 5.91928662635353
1332 5.92272907398768
1333 5.92476315234078
1334 5.92931443356411
1335 5.92985770661843
1336 5.93324459061643
1337 5.94374478512618
1338 5.94474354197492
1339 5.94476211627236
1340 5.94686832649022
1341 5.95930558161778
1342 5.9605720257203
1343 5.96127224711761
1344 5.96407068519111
1345 5.96421697454723
1346 5.96805184612426
1347 5.96815263571597
1348 5.97119410986602
1349 5.97260891365474
1350 5.97868530171862
1351 5.98073519951698
1352 5.98167112003158
1353 5.98671321756519
1354 5.98812878969504
1355 5.98924687690532
1356 5.9929633876276
1357 5.99732938967521
1358 5.9984815577038
1359 6.00079633481838
1360 6.00374437589373
1361 6.01088520698756
1362 6.01685076673368
1363 6.02057451383237
1364 6.02086684946942
1365 6.02673920804017
1366 6.02760373150353
1367 6.02781010234161
1368 6.02838547808509
1369 6.03315475305224
1370 6.03493512237209
1371 6.0443543978242
1372 6.04471072649803
1373 6.05318704901877
1374 6.05815045165743
1375 6.05949126838683
1376 6.08182443868454
1377 6.08211861275235
1378 6.09131601922741
1379 6.09255196158427
1380 6.09551512920089
1381 6.09660632726578
1382 6.10265178890091
1383 6.10426880330977
1384 6.10764605650103
1385 6.11762491619104
1386 6.11825378524058
1387 6.12347547622559
1388 6.1301592393453
1389 6.13037350873015
1390 6.13064617483441
1391 6.13184934953779
1392 6.13242993603108
1393 6.13328057626881
1394 6.13623413263645
1395 6.13761355641187
1396 6.14107605914635
1397 6.14239565010294
1398 6.14248352597583
1399 6.14328951860931
1400 6.14797290421462
1401 6.14811620402528
1402 6.14952705714364
1403 6.15412837832893
1404 6.15588461335557
1405 6.15649578820751
1406 6.15748416546615
1407 6.15883267957663
1408 6.16170872848561
1409 6.16211150966683
1410 6.17023774244368
1411 6.17618476700791
1412 6.18473289729316
1413 6.19026072332182
1414 6.19745838371918
1415 6.19890786623531
1416 6.19988740896801
1417 6.2010604311717
1418 6.20317049985899
1419 6.21525204657356
1420 6.21721129129511
1421 6.22070159680243
1422 6.22273249003232
1423 6.22356085396538
1424 6.22546206518331
1425 6.23202739759908
1426 6.23525572951662
1427 6.24014003492898
1428 6.24157544702365
1429 6.24284351442142
1430 6.24854901723962
1431 6.25363214418927
1432 6.26062424399919
1433 6.26145639375851
1434 6.26163384423667
1435 6.26978856989638
1436 6.27400092607085
1437 6.27556415380703
1438 6.28115080403218
1439 6.28141382535985
1440 6.28574793705984
1441 6.29336254964274
1442 6.29520836486258
1443 6.29872737280034
1444 6.29986456795589
1445 6.30430491189673
1446 6.30657178364069
1447 6.30929762325683
1448 6.3106887984605
1449 6.31198170143738
1450 6.31694913018353
1451 6.31988035716111
1452 6.32306996468598
1453 6.32508762009679
1454 6.32538448754949
1455 6.33350381084415
1456 6.33500529189361
1457 6.33849847798166
1458 6.33927175884101
1459 6.34543646143071
1460 6.35011763980152
1461 6.35202993189545
1462 6.35621557773846
1463 6.35745961980776
1464 6.35928244905513
1465 6.36523261124512
1466 6.3684830490353
1467 6.37185926007659
1468 6.37437074648886
1469 6.37738178594847
1470 6.37900127860671
1471 6.38091361540412
1472 6.3879882266689
1473 6.39038895181864
1474 6.39403279982229
1475 6.39773143753304
1476 6.39901400003536
1477 6.40176048427902
1478 6.40177820921027
1479 6.40512440465629
1480 6.40531739797691
1481 6.40813171696296
1482 6.40825580265757
1483 6.40858111270172
1484 6.40965227801802
1485 6.41195009295454
1486 6.41506641470597
1487 6.41797423382195
1488 6.42007816136818
1489 6.42075582147611
1490 6.42079585065171
1491 6.43284049743453
1492 6.43438534924499
1493 6.43518198488056
1494 6.43648635988891
1495 6.44074631130358
1496 6.44135792201448
1497 6.44323291743325
1498 6.4435358058864
1499 6.44497790673979
1500 6.45049547611293
1501 6.45155999737399
1502 6.4588213071501
1503 6.46037996116112
1504 6.46301039236738
1505 6.46320577732437
1506 6.46497352070407
1507 6.46777738186893
1508 6.46929426047452
1509 6.47943430975053
1510 6.48143359482355
1511 6.49414022196743
1512 6.49776733969234
1513 6.49895640206475
1514 6.50425789714989
1515 6.50608526380085
1516 6.51089976472356
1517 6.51439668075852
1518 6.51543640276205
1519 6.51557838381994
1520 6.51558620692957
1521 6.51924526249955
1522 6.51953287912511
1523 6.52067740565197
1524 6.52564647445718
1525 6.5270711996253
1526 6.52769856552021
1527 6.52828054340942
1528 6.53125943268242
1529 6.53717696412335
1530 6.54119088432807
1531 6.5418592293476
1532 6.54362275383604
1533 6.54843779399453
1534 6.54938817608607
1535 6.54940209283931
1536 6.5499436112819
1537 6.55053860067881
1538 6.55282375335359
1539 6.55463172707457
1540 6.554752624852
1541 6.55731653448069
1542 6.565822500999
1543 6.56737500548706
1544 6.56926693514421
1545 6.57333200451607
1546 6.57429595132093
1547 6.57658860300509
1548 6.58273193732963
1549 6.58749176030396
1550 6.59027478964546
1551 6.5922876645775
1552 6.59540254184762
1553 6.60221961634337
1554 6.60409081755397
1555 6.6107676963372
1556 6.61204811307231
1557 6.61437186720519
1558 6.62558238609954
1559 6.63067152287377
1560 6.63726867858193
1561 6.63854833256386
1562 6.64027046442044
1563 6.64197977196517
1564 6.64613578778046
1565 6.65314192169027
1566 6.65316686902808
1567 6.65411748581292
1568 6.65563082725538
1569 6.65915982362775
1570 6.66170213309196
1571 6.67324895629345
1572 6.67523939287068
1573 6.6790237523052
1574 6.68522081183513
1575 6.68534734783943
1576 6.68619496500408
1577 6.69158816928584
1578 6.6929887294271
1579 6.69489528271132
1580 6.69577521490668
1581 6.69617594252162
1582 6.70345836351787
1583 6.70445434036872
1584 6.7062968195911
1585 6.70811580154491
1586 6.71301017921092
1587 6.71653480861175
1588 6.71688650209312
1589 6.72157920278682
1590 6.73031253681067
1591 6.73211540595261
1592 6.73362388868519
1593 6.73415952582572
1594 6.73605450928959
1595 6.7361716435925
1596 6.74137310345721
1597 6.74253749230063
1598 6.74422072095062
1599 6.7462391754362
1600 6.74712346063327
1601 6.74934066960092
1602 6.75178036780645
1603 6.75191070081289
1604 6.75592868065272
1605 6.76673250681103
1606 6.76863690315217
1607 6.76975842694275
1608 6.77161008155514
1609 6.77422166186116
1610 6.77454487642951
1611 6.7767363361906
1612 6.78215484543804
1613 6.78715766537337
1614 6.79233848899246
1615 6.79234106782467
1616 6.79475568458194
1617 6.79555041473152
1618 6.79704311154645
1619 6.8034344971196
1620 6.8045048577732
1621 6.81734168381306
1622 6.81993734688495
1623 6.82719213833436
1624 6.83115568888893
1625 6.83121199292653
1626 6.83183009402446
1627 6.83376988993668
1628 6.83538652436593
1629 6.8390004266235
1630 6.84471526129391
1631 6.84789445570106
1632 6.85181673655837
1633 6.85248354768962
1634 6.85512241388444
1635 6.85613227396092
1636 6.8569223381844
1637 6.85737129247625
1638 6.85919321368411
1639 6.86813556722744
1640 6.87130278110099
1641 6.87306890397941
1642 6.87690410245066
1643 6.87831063050698
1644 6.88191630452961
1645 6.88300515845558
1646 6.88809586823364
1647 6.88810706925025
1648 6.89074474800878
1649 6.8925307471736
1650 6.89303803392362
1651 6.89473079838545
1652 6.89665503748537
1653 6.90000209347345
1654 6.90532003385263
1655 6.90610623122477
1656 6.90680317250397
1657 6.91605397449623
1658 6.91753143580515
1659 6.92118885969798
1660 6.92275756640488
1661 6.92327155588347
1662 6.92359023025427
1663 6.92383164862349
1664 6.92535514055069
1665 6.93926358452964
1666 6.94099847084889
1667 6.94647101543214
1668 6.94725632711652
1669 6.95112310021702
1670 6.95912404868711
1671 6.96034607149677
1672 6.9724893788679
1673 6.97319702383745
1674 6.97560088940691
1675 6.97781904273565
1676 6.98189973597503
1677 6.98586289537412
1678 6.99612833792163
1679 7.00038678618166
1680 7.0009814095688
1681 7.00288435025275
1682 7.00362497242336
1683 7.00701205758704
1684 7.00990851084232
1685 7.01005963096864
1686 7.01023346605256
1687 7.01261984976596
1688 7.0193420383238
1689 7.02469230490955
1690 7.02771471581781
1691 7.02822564869571
1692 7.02888918529679
1693 7.03710995755955
1694 7.04413980946138
1695 7.04790696923058
1696 7.05258680929085
1697 7.05469807938426
1698 7.05825488691137
1699 7.06503507265124
1700 7.06677082230652
1701 7.0686980258062
1702 7.07406717961378
1703 7.07917182570285
1704 7.08032966827989
1705 7.08831069855406
1706 7.09216108782783
1707 7.09743687561594
1708 7.09845690294097
1709 7.10014105080633
1710 7.10133483498419
1711 7.10505498624642
1712 7.10965118888284
1713 7.10966559737439
1714 7.11165210842698
1715 7.11177568561946
1716 7.11201888933406
1717 7.11240738216434
1718 7.11289064637986
1719 7.11628294229334
1720 7.12124540895282
1721 7.12126094620734
1722 7.12262488301966
1723 7.13610237982874
1724 7.13648469799034
1725 7.13739071466838
1726 7.13864873775218
1727 7.14374942199502
1728 7.14633413550739
1729 7.15283420363107
1730 7.15616332234636
1731 7.15924158187548
1732 7.16935331987653
1733 7.1725519295654
1734 7.17341980299606
1735 7.18433093707279
1736 7.18856069128428
1737 7.18879495430216
1738 7.19252353217105
1739 7.19330768156485
1740 7.1951834313549
1741 7.19654220770883
1742 7.19737139027443
1743 7.19782028589296
1744 7.19791067633681
1745 7.20035003088431
1746 7.20175273958675
1747 7.20563832447195
1748 7.20674571916775
1749 7.21087163277477
1750 7.2136869492073
1751 7.21536164228588
1752 7.21764752418625
1753 7.22531759702848
1754 7.230009881421
1755 7.23252236527974
1756 7.23429366258639
1757 7.23636122105474
1758 7.23713782394172
1759 7.23841878270657
1760 7.24462580831937
1761 7.24502017965774
1762 7.2475248711405
1763 7.24949832039396
1764 7.25230833946369
1765 7.2561346503236
1766 7.25859660527604
1767 7.26133174601073
1768 7.26720416604877
1769 7.26873955748451
1770 7.2689356437274
1771 7.27774755529954
1772 7.27859275009418
1773 7.27917982697449
1774 7.28122356686798
1775 7.28335659638203
1776 7.28737029865727
1777 7.29144974578705
1778 7.29745465577462
1779 7.2992596595079
1780 7.30206035231336
1781 7.30285996352456
1782 7.30320344274081
1783 7.3077440538014
1784 7.31039558225795
1785 7.3134721514366
1786 7.31514263959375
1787 7.31522070863993
1788 7.32016434954487
1789 7.32462146567396
1790 7.32550773458812
1791 7.32879582109339
1792 7.33440875137896
1793 7.33616484111928
1794 7.33962645816599
1795 7.34600661478285
1796 7.35539955429519
1797 7.35661374840728
1798 7.36354578070508
1799 7.36558417853228
1800 7.36735132120892
1801 7.36778989032274
1802 7.37532142427532
1803 7.37946892687095
1804 7.37969740637564
1805 7.38033172086828
1806 7.38448988803871
1807 7.38614247245069
1808 7.38701282971865
1809 7.38731763762763
1810 7.39046984789449
1811 7.39097192110073
1812 7.39127557510104
1813 7.39242261061092
1814 7.39245324367306
1815 7.39654873097155
1816 7.4020661606463
1817 7.40411588242469
1818 7.40715119308194
1819 7.40925526591449
1820 7.41133303633487
1821 7.41637740815821
1822 7.41817278387871
1823 7.42072503428009
1824 7.42157531968391
1825 7.42384901150309
1826 7.42801905862429
1827 7.43288780163642
1828 7.43485736168682
1829 7.43783826541055
1830 7.43929903555629
1831 7.44954651009736
1832 7.4511888043262
1833 7.45667668779226
1834 7.45671006732467
1835 7.45692253460033
1836 7.45985692434938
1837 7.46022992462862
1838 7.46214142882365
1839 7.46235908729134
1840 7.47319095370974
1841 7.47533401077396
1842 7.47698777982825
1843 7.47776493312687
1844 7.47925239963422
1845 7.48177557880142
1846 7.48342525748695
1847 7.4938568293554
1848 7.4987018906971
1849 7.50256314571135
1850 7.50480548083075
1851 7.50506744883259
1852 7.50586803793249
1853 7.50614241953294
1854 7.51716136723625
1855 7.51837637439295
1856 7.51851469814708
1857 7.51877883147391
1858 7.52238037880621
1859 7.52636550996749
1860 7.52968440555487
1861 7.53628633615388
1862 7.5375219795562
1863 7.54626916048409
1864 7.55153718942382
1865 7.55584686787606
1866 7.55728215983011
1867 7.56475220972893
1868 7.56660533676231
1869 7.56712303104211
1870 7.57028111422913
1871 7.57159807047415
1872 7.57657126038176
1873 7.57773428576893
1874 7.57997386883012
1875 7.58138884863881
1876 7.58256638310038
1877 7.58384170643233
1878 7.58697790447016
1879 7.59191200397532
1880 7.5919843593575
1881 7.59251002203324
1882 7.59390057418211
1883 7.59880430884604
1884 7.61170634888658
1885 7.61223201435629
1886 7.61281471029521
1887 7.61531364061651
1888 7.62059726269012
1889 7.62123675161099
1890 7.62470553797889
1891 7.62982633040744
1892 7.63427450304584
1893 7.63989350741724
1894 7.64785968216502
1895 7.64995031601281
1896 7.65202095063963
1897 7.65551688040398
1898 7.65594840592516
1899 7.65956261272522
1900 7.66365469976498
1901 7.66640841479712
1902 7.66907553079961
1903 7.6690943425843
1904 7.6723222973162
1905 7.6725439623336
1906 7.67320106722098
1907 7.67890647783824
1908 7.68099603600846
1909 7.681680049599
1910 7.68650752291386
1911 7.68757979464139
1912 7.69279360943138
1913 7.69333805036421
1914 7.70463400879159
1915 7.70907320441169
1916 7.72865448134423
1917 7.7305192871627
1918 7.7316605643051
1919 7.73997716686687
1920 7.74104079964619
1921 7.74116327322142
1922 7.74534939962688
1923 7.74842911760715
1924 7.75091487995857
1925 7.75472108542673
1926 7.7559308063965
1927 7.75637702539394
1928 7.75714777771251
1929 7.76105576463093
1930 7.76961632527859
1931 7.77132259298643
1932 7.77243291017247
1933 7.77676530917025
1934 7.77772703197679
1935 7.77975896456268
1936 7.78100045573944
1937 7.78396546178682
1938 7.78898408160963
1939 7.79562019360979
1940 7.79879851071108
1941 7.79914687378292
1942 7.79921996956655
1943 7.80322688250021
1944 7.80482755778582
1945 7.81604603669422
1946 7.82478211160041
1947 7.83183028913654
1948 7.8326625478606
1949 7.83507204886296
1950 7.83511297769617
1951 7.83732348952318
1952 7.83794522277915
1953 7.83811089947732
1954 7.84476096734626
1955 7.84693217642928
1956 7.847628899779
1957 7.8558948141783
1958 7.85595554665474
1959 7.85763464023249
1960 7.86616412357714
1961 7.87074005877168
1962 7.87140144681158
1963 7.87591727537844
1964 7.87627884553572
1965 7.87641679489818
1966 7.88424742588971
1967 7.88657662267172
1968 7.8977503729508
1969 7.90179356276141
1970 7.90302661615565
1971 7.90841026506778
1972 7.91227437831102
1973 7.91237100489082
1974 7.91621654663059
1975 7.92342126179646
1976 7.92882869854981
1977 7.93126267470944
1978 7.93194476046224
1979 7.93623758290719
1980 7.9368309965063
1981 7.93697504230634
1982 7.95401537602489
1983 7.960443728585
1984 7.9605297688211
1985 7.9613459314971
1986 7.96187510619027
1987 7.96343315949823
1988 7.9672335563075
1989 7.96894391159012
1990 7.9723855433857
1991 7.97382968104157
1992 7.97809881343418
1993 7.97908024768302
1994 7.98204114659784
1995 7.98412620089209
1996 7.98609160631247
1997 7.98898469563061
1998 7.99252525064746
1999 7.99497086647664
2000 7.99874382652284
