# sku frequency
1 1
2 0.897467300130484
3 0.856847517048727
4 0.843062275951338
5 0.818964041366856
6 0.817362961166157
7 0.809025445442595
8 0.797428024204238
9 0.79338968006476
10 0.769509701326965
11 0.755988032856236
12 0.744751049446966
13 0.743350311654552
14 0.72815960444413
15 0.708812818147877
16 0.706628789229479
17 0.706003330487595
18 0.683152634453696
19 0.681722819202587
20 0.680691800799286
21 0.673267196554378
22 0.672007843712179
23 0.66875544224005
24 0.655805231068836
25 0.652484214133
26 0.647072420162031
27 0.642039440743396
28 0.635202199201691
29 0.63167842960789
30 0.631164150977487
31 0.630632085897939
32 0.608418061481671
33 0.60791460631299
34 0.607248209172309
35 0.593813480622912
36 0.590813421738867
37 0.587103712843533
38 0.584209959985973
39 0.581414478443767
40 0.581374882865239
41 0.580292423400595
42 0.576657203949853
43 0.572751466010155
44 0.569456069435794
45 0.567378410449719
46 0.567298652966323
47 0.566802946181552
48 0.565413105220415
49 0.560323226051994
50 0.557106368437756
51 0.556272595970699
52 0.554813379185689
53 0.548999824943484
54 0.547980180708134
55 0.54725859250094
56 0.542785367564649
57 0.542695187201843
58 0.54092788807884
59 0.540801947854458
60 0.540464607192066
61 0.539066085158984
62 0.538734256995404
63 0.538464255656997
64 0.534234029980179
65 0.530751835477899
66 0.526096685657121
67 0.523624175951674
68 0.522240741355793
69 0.522164932447535
70 0.514175415312165
71 0.513092751666086
72 0.50906488682282
73 0.503254242328089
74 0.499494960839634
75 0.495927558374638
76 0.495666098631257
77 0.494703697293741
78 0.494244041849746
79 0.492857853300952
80 0.491896384597565
81 0.4910344656356
82 0.477060929255169
83 0.474422028174319
84 0.473248654173334
85 0.472806774049422
86 0.471545555139737
87 0.470707967754076
88 0.469778191007694
89 0.46875574339904
90 0.468709900784934
91 0.467834795114356
92 0.466015072197152
93 0.465288528476322
94 0.462758362380145
95 0.461809923974389
96 0.461476251650222
97 0.460247939106528
98 0.459899185636027
99 0.459859939767443
100 0.458163654633556
101 0.458116453434157
102 0.455234949138499
103 0.453311161632076
104 0.451294527316071
105 0.445466178912093
106 0.445401607997867
107 0.445159530151634
108 0.445034798658122
109 0.444638422700551
110 0.442474614016036
111 0.442374065242597
112 0.441046576566873
113 0.44037633990957
114 0.439298074328792
115 0.437992531797369
116 0.437582569062778
117 0.436379351806963
118 0.434850877906436
119 0.432325415171045
120 0.431790249500701
121 0.431493691259009
122 0.43031065900166
123 0.430265604178318
124 0.429642550197841
125 0.427913791879287
126 0.427084741004615
127 0.425365182055318
128 0.421256385590115
129 0.420637065091443
130 0.420433479552947
131 0.416753329250194
132 0.416214855600203
133 0.412436240748417
134 0.412270396373957
135 0.411979923131785
136 0.407511481059329
137 0.406659064595685
138 0.406332167078336
139 0.406226696459824
140 0.405101858411467
141 0.40473716818475
142 0.404484272342657
143 0.402301003029473
144 0.40228331368512
145 0.401845145615
146 0.401326197071615
147 0.396319840189144
148 0.395800398331309
149 0.392563779087002
150 0.390732744435546
151 0.389329320102778
152 0.389226313519451
153 0.388018940899891
154 0.386384184166365
155 0.385818286322562
156 0.385324436898857
157 0.384488875107236
158 0.37961160454688
159 0.378941009487629
160 0.377283119647178
161 0.376934830512489
162 0.373925621834106
163 0.37318488753505
164 0.365694587555247
165 0.365357542721679
166 0.365315750031581
167 0.364573241893181
168 0.361722444242896
169 0.361377817338834
170 0.360203294675802
171 0.358499191872305
172 0.358073783594317
173 0.357521693954055
174 0.356897431623465
175 0.354806469994546
176 0.352960483099611
177 0.352536759768248
178 0.352531957817654
179 0.352442506493531
180 0.351738591691182
181 0.35120892633781
182 0.349975792553944
183 0.349416166237155
184 0.348557532989342
185 0.348424796330233
186 0.348388025060179
187 0.346735817729594
188 0.342855535605689
189 0.342173600365938
190 0.340918895610225
191 0.340141683668809
192 0.338367876152783
193 0.337549714321478
194 0.336903857334409
195 0.336834820767345
196 0.336607385628922
197 0.335897678745973
198 0.33347900125464
199 0.332649105506142
200 0.331995332232376
201 0.331596682450054
202 0.331257246108552
203 0.330338868662179
204 0.33007049082759
205 0.329997318156256
206 0.329372209215496
207 0.327977801805894
208 0.327734466952297
209 0.327716907449798
210 0.326534278143445
211 0.325880090641695
212 0.325735934893348
213 0.325263663354864
214 0.324385750286753
215 0.323208353148112
216 0.322492100557409
217 0.322095971477999
218 0.32182705946237
219 0.320801586432428
220 0.318020201157251
221 0.31735708763907
222 0.317119511502291
223 0.316780808469662
224 0.315770399936162
225 0.315497475843491
226 0.314226646516075
227 0.313742565647408
228 0.313527797797575
229 0.313512867185992
230 0.313474229200183
231 0.312882265311386
232 0.31236635225814
233 0.312226492098673
234 0.311744185772025
235 0.310230854017524
236 0.30938200541402
237 0.308578642126478
238 0.307066007794463
239 0.306465843009161
240 0.30514425209215
241 0.304575738933974
242 0.303608656027161
243 0.303309298585793
244 0.303054573458475
245 0.302808097941868
246 0.301957888722579
247 0.300850931069255
248 0.299534880125586
249 0.297863349967519
250 0.29733904951247
251 0.296584614341328
252 0.295469158315807
253 0.295319236679689
254 0.294699011126117
255 0.294386979490363
256 0.294297372742175
257 0.293822542438333
258 0.29126771677996
259 0.291158083292182
260 0.289176372319195
261 0.288882752298351
262 0.288465180224742
263 0.288391481732825
264 0.288334807784338
265 0.2877197103585
266 0.287216161866496
267 0.285900500557884
268 0.284002995749466
269 0.283728436551206
270 0.283419728228751
271 0.282425508621228
272 0.282381270006275
273 0.28019622420839
274 0.27980935309326
275 0.279604867238843
276 0.279361507989425
277 0.27885674073515
278 0.277871442475489
279 0.277683650868145
280 0.275943265753592
281 0.275569342015898
282 0.275564979958918
283 0.275514670999413
284 0.274996316610049
285 0.274416179691558
286 0.274347817600261
287 0.273882703806034
288 0.273695153819554
289 0.271981636267688
290 0.271734703970371
291 0.271538940436542
292 0.270589440089843
293 0.268203427098023
294 0.268033525937327
295 0.26670037917898
296 0.266492968582068
297 0.265970126063343
298 0.265739868004296
299 0.265189822723452
300 0.265005597368503
301 0.264746948639552
302 0.264236108842285
303 0.263660708668953
304 0.263041094766968
305 0.262890329201702
306 0.26287327260409
307 0.262800593367967
308 0.262713595688084
309 0.262453077950988
310 0.261689378378443
311 0.261459446178053
312 0.261404628369018
313 0.261348004108579
314 0.261139185090511
315 0.260896360550581
316 0.259833218262689
317 0.259618522660021
318 0.259082463841261
319 0.259054596890044
320 0.258312264691399
321 0.257453710743612
322 0.257206790660037
323 0.255442546663241
324 0.255372784159771
325 0.25457512520721
326 0.254089247308719
327 0.253242282462077
328 0.253159964324543
329 0.251618516449946
330 0.251608011050767
331 0.251204604057828
332 0.25037259174806
333 0.250298691289856
334 0.250141839891092
335 0.249868383800225
336 0.24968228377958
337 0.248687239377416
338 0.248297780483844
339 0.24738358487213
340 0.245971910108537
341 0.245833329475515
342 0.245747613530554
343 0.245408703953152
344 0.245325269473117
345 0.245321318137413
346 0.243716998880576
347 0.243230094260581
348 0.242929508266171
349 0.241491315004654
350 0.241440099841941
351 0.240838932813042
352 0.240790836432334
353 0.24025470498873
354 0.240080573083387
355 0.237787329499984
356 0.237618753540679
357 0.236751943516802
358 0.23666946297649
359 0.23570986700818
360 0.235383622056455
361 0.234511476543157
362 0.23417866628036
363 0.233783024504135
364 0.233654740224071
365 0.232486612089105
366 0.231561121556522
367 0.231388212225611
368 0.231206205174012
369 0.230573019883443
370 0.229912813289656
371 0.22858563498514
372 0.227752880456757
373 0.227597065703278
374 0.225942942882293
375 0.225795433886458
376 0.224729804921391
377 0.224719599188804
378 0.22460519484155
379 0.224057572509721
380 0.223809547484276
381 0.22379179153896
382 0.223476872172092
383 0.223241661021909
384 0.223044705260676
385 0.222832990872551
386 0.222261695273373
387 0.221679713051144
388 0.221188852635655
389 0.221101003044196
390 0.220122484909654
391 0.220018230141646
392 0.219780936969635
393 0.219769082075406
394 0.21964097153185
395 0.219638110301605
396 0.21938308860702
397 0.218973728786566
398 0.218969614073666
399 0.218710276091327
400 0.217706351800946
401 0.217250013038593
402 0.2170368105757
403 0.217033502289146
404 0.216818485684644
405 0.216772930191144
406 0.216649367709713
407 0.215648072925202
408 0.215014741673832
409 0.21494806910251
410 0.214924745350965
411 0.214681796162984
412 0.214662859362463
413 0.214575032216731
414 0.213073325899897
415 0.21294262143143
416 0.211240061807867
417 0.211208975490031
418 0.211048815115046
419 0.210974159001965
420 0.21093468767542
421 0.210900775506364
422 0.210206141218597
423 0.210146977278267
424 0.210143533228771
425 0.209938897731348
426 0.20906910658997
427 0.208940987176755
428 0.208808429433173
429 0.207474192442623
430 0.207161803300359
431 0.205983561672171
432 0.205971583645534
433 0.205558970057016
434 0.205016323258772
435 0.204286222672089
436 0.203622111494578
437 0.203595485132792
438 0.203481089555367
439 0.203447657030593
440 0.203046892164105
441 0.202755757126186
442 0.202146411416096
443 0.202063768831807
444 0.201610305440993
445 0.200974189677937
446 0.200685548452806
447 0.200440236138938
448 0.200416701378987
449 0.200258201509673
450 0.200030278464322
451 0.199982523820347
452 0.199734217210019
453 0.199542025314811
454 0.199009117212358
455 0.19861116079702
456 0.198424390102927
457 0.197956376292873
458 0.196824612065508
459 0.196728532319354
460 0.196663660793368
461 0.196389661600532
462 0.195360562419944
463 0.194915421992728
464 0.194629401083538
465 0.194470894472431
466 0.194369723911202
467 0.194365286874233
468 0.194119879037251
469 0.193838732824291
470 0.193602184403316
471 0.193210753709473
472 0.193050810356394
473 0.192550441370156
474 0.192279093793041
475 0.192145012682185
476 0.192141557116567
477 0.192073716732274
478 0.191828224582343
479 0.191451030082738
480 0.190747642544083
481 0.1907381883505
482 0.19034636773051
483 0.190156740934553
484 0.189626902919794
485 0.189251076020351
486 0.188557726717318
487 0.188087536308596
488 0.188082862689888
489 0.187416662337922
490 0.187206377553014
491 0.186749149377883
492 0.186451598634604
493 0.185222180366728
494 0.184857507494425
495 0.184480174592807
496 0.183965455847491
497 0.183845687787559
498 0.183394757265381
499 0.182976663368809
500 0.182822664978345
501 0.181807082090082
502 0.181578972295761
503 0.18131630319942
504 0.180643071344682
505 0.180580380090842
506 0.180554495558974
507 0.180227896441356
508 0.179990150731828
509 0.179688754939146
510 0.178892318598644
511 0.17823395076093
512 0.178218464903585
513 0.177537604936049
514 0.177420774576022
515 0.177035568865754
516 0.176270125984532
517 0.176235783794701
518 0.176174026673072
519 0.175884070166823
520 0.1758296149573
521 0.17564898034649
522 0.174940285641841
523 0.174930493435025
524 0.174918535835012
525 0.174386374075865
526 0.174191353926258
527 0.17409927580949
528 0.173594489005739
529 0.173245150432295
530 0.172952496225932
531 0.172663755197037
532 0.172478108862018
533 0.172405488914173
534 0.172335361337488
535 0.172287335707771
536 0.171871953432786
537 0.171439285598891
538 0.171339601366846
539 0.171072454440333
540 0.17080505876893
541 0.170546956452505
542 0.170414178506248
543 0.17032431128541
544 0.170007228906917
545 0.169986011913397
546 0.169984599065983
547 0.169962759563879
548 0.169933259691871
549 0.169808698719831
550 0.169508269585029
551 0.169462332930588
552 0.169220361663941
553 0.169136169458316
554 0.168569810024205
555 0.168531013437225
556 0.16834062591764
557 0.16811689368121
558 0.167798405045311
559 0.16773325722823
560 0.167409413505772
561 0.167399908363139
562 0.167187783504409
563 0.165559099845668
564 0.165507241713458
565 0.165425477416775
566 0.165135447044616
567 0.164807515240861
568 0.164615544175309
569 0.164117439763538
570 0.163711572439502
571 0.163644906665557
572 0.163608237850086
573 0.163390517093306
574 0.163181568185592
575 0.162404774310043
576 0.16167288772786
577 0.160532171242587
578 0.159519244237909
579 0.159394830907202
580 0.159166287106929
581 0.158860033312959
582 0.158835395978854
583 0.158377023890826
584 0.156265313646879
585 0.15519223028268
586 0.155133974127659
587 0.154667783408157
588 0.154257470475902
589 0.154256391047306
590 0.154180837822621
591 0.153979934797566
592 0.152866540253119
593 0.152503654758413
594 0.15247370157732
595 0.152411740311824
596 0.152025834802576
597 0.151849349615954
598 0.151435588747038
599 0.151382752271895
600 0.151317217038887
601 0.151152350805246
602 0.150946136780517
603 0.150300229749308
604 0.150121831364067
605 0.149325929336161
606 0.149190034462803
607 0.148822280929859
608 0.148771599523905
609 0.148633428513515
610 0.148231486425972
611 0.148049764478691
612 0.147684026936971
613 0.147220472364679
614 0.147197597617596
615 0.147083243256074
616 0.14704184527194
617 0.146864476197035
618 0.146501836712442
619 0.146487097473928
620 0.146394348811667
621 0.145660959503237
622 0.145225615841063
623 0.144407968245935
624 0.144209597742615
625 0.144045787055578
626 0.143893442801527
627 0.14375669694592
628 0.1435774251353
629 0.143100861650215
630 0.142951971538145
631 0.142728176344157
632 0.14244975876444
633 0.141577865013184
634 0.141558848013651
635 0.141366475120242
636 0.140819217923807
637 0.140800068736765
638 0.140248873941641
639 0.13923858134671
640 0.138864475762742
641 0.138571448074018
642 0.138329609604574
643 0.137849042403848
644 0.137827537790992
645 0.137074224944705
646 0.137072848333782
647 0.136937854907382
648 0.136931335444784
649 0.136697415994927
650 0.136610723295738
651 0.136296989731035
652 0.135818353196205
653 0.135692382539288
654 0.135282853611355
655 0.134964008262486
656 0.134938883307777
657 0.134193704719108
658 0.134102020790969
659 0.133676038511404
660 0.133381139770957
661 0.133191941350246
662 0.132785597401254
663 0.132633337390007
664 0.132569067066114
665 0.132221833949225
666 0.131741694080198
667 0.131698816696892
668 0.131565464073836
669 0.131444607286738
670 0.131036255093343
671 0.130566129988246
672 0.130462066309127
673 0.130340488271956
674 0.130045968872933
675 0.129383203121645
676 0.128971759556911
677 0.128971068633345
678 0.127862322915848
679 0.127610594520652
680 0.127506138802836
681 0.127505205786652
682 0.127284921834947
683 0.127200640668399
684 0.127122518145442
685 0.126892294052842
686 0.126601968115614
687 0.12652807899979
688 0.126504014689043
689 0.125863209684469
690 0.125467073002128
691 0.125379278609694
692 0.125204142455434
693 0.124921594490083
694 0.124313378299478
695 0.124012473764237
696 0.123954423454748
697 0.123915416810341
698 0.123685835453064
699 0.123653495140296
700 0.123343549436706
701 0.123204355702823
702 0.123067476404198
703 0.122688862810405
704 0.122644654199444
705 0.122290874483448
706 0.121116800908389
707 0.120778854244449
708 0.120687924434707
709 0.120555684362508
710 0.120243365280754
711 0.120193298437277
712 0.120093726973219
713 0.119919437077403
714 0.11981656980575
715 0.119067513089796
716 0.11895584583694
717 0.11895330129527
718 0.11894952194005
719 0.118585868001295
720 0.118340205306725
721 0.117839427497794
722 0.117682442596481
723 0.117594641537862
724 0.117480128489715
725 0.117150455984791
726 0.116863319251204
727 0.116745923465492
728 0.116565905947112
729 0.116565817415392
730 0.116560503053045
731 0.116361685845506
732 0.115793288800356
733 0.115237526666751
734 0.115020126033016
735 0.114920309332178
736 0.114851051188869
737 0.11459677699087
738 0.114555372386238
739 0.114505905852423
740 0.114163768432103
741 0.114129127345916
742 0.113896763157561
743 0.113647108876947
744 0.113623343058815
745 0.113041067322305
746 0.112922827611306
747 0.112716072035031
748 0.112413960161341
749 0.112318963258576
750 0.112317941809882
751 0.112220966212043
752 0.112214015487741
753 0.112180612595836
754 0.111972566441925
755 0.111923034275655
756 0.111755883845199
757 0.111708908873825
758 0.111696663385998
759 0.111200682844283
760 0.11110570924334
761 0.1110174745812
762 0.110996726047432
763 0.110981635481157
764 0.11095567625537
765 0.110923839569622
766 0.11026854344881
767 0.110153392793983
768 0.109868978113005
769 0.109803004503022
770 0.109682146514611
771 0.109630564727004
772 0.109225698444161
773 0.109065121825857
774 0.108721741312825
775 0.108682830575257
776 0.108565865166853
777 0.108543645133719
778 0.10834294390987
779 0.108314863752068
780 0.107851094183056
781 0.107694182511314
782 0.106886665669239
783 0.106853182596734
784 0.106452110652595
785 0.106072022839766
786 0.106046312320566
787 0.105937282870832
788 0.105658783464845
789 0.10512725697975
790 0.104746108848856
791 0.104616297694906
792 0.104329336730496
793 0.10419782367761
794 0.104100788705787
795 0.103986046443702
796 0.103316098805632
797 0.103251438497177
798 0.102850664892382
799 0.102622361972001
800 0.102029343322855
801 0.10180218544228
802 0.101629900200994
803 0.101302420133961
804 0.10127028182847
805 0.101239229618168
806 0.101193475900771
807 0.101176718880183
808 0.101125237287065
809 0.101121897212513
810 0.100931899891288
811 0.100746722604656
812 0.10068386375644
813 0.1005944593936
814 0.100545261441074
815 0.100397654419551
816 0.100311869796916
817 0.100277962344649
818 0.100215797421399
819 0.100139831330636
820 0.100051415305179
821 0.0998588963043426
822 0.0998560593035302
823 0.099579421891207
824 0.0992057992241603
825 0.0991913460608277
826 0.0990433847945521
827 0.0989994518749533
828 0.098787751912966
829 0.0986013261329979
830 0.0983709797901931
831 0.0981410017913342
832 0.0980873815811209
833 0.0978572113897356
834 0.0975653378649962
835 0.0973923448076342
836 0.0971543033533896
837 0.0969710804578533
838 0.0968789357653612
839 0.0967483761796703
840 0.0965524909140037
841 0.0963906909406257
842 0.0960304959071244
843 0.0958038732913754
844 0.0952951266035103
845 0.0948314322720679
846 0.0947600237407047
847 0.0945370319632751
848 0.0942465659884488
849 0.093988473412282
850 0.0938652840990421
851 0.0938171048023083
852 0.0934525529209213
853 0.0933181815836502
854 0.0931652632684098
855 0.0930022273037461
856 0.0927631105954117
857 0.0927464796652921
858 0.0925503710419794
859 0.0924867537892117
860 0.0924190745568737
861 0.0922793522645497
862 0.0922638264407933
863 0.0921760069995008
864 0.0921466059304338
865 0.0920183112900682
866 0.0919894969772909
867 0.0919045502681132
868 0.0916204418820107
869 0.0915746278286141
870 0.0915632947649753
871 0.0915562953502363
872 0.0912682700693271
873 0.091045446649669
874 0.0909501557295252
875 0.0904445171556926
876 0.0904049128918416
877 0.0900108122444889
878 0.0890719664287846
879 0.0888331930381129
880 0.0887708353613501
881 0.0884629745084793
882 0.0882240954735292
883 0.0882216804576475
884 0.088027339492359
885 0.0880048958829367
886 0.0878502463689966
887 0.0878366116328693
888 0.0877662829136208
889 0.087592057899956
890 0.0875693475647222
891 0.0875532573791926
892 0.087542662874517
893 0.0875163715478199
894 0.0874444899652858
895 0.0874418255072129
896 0.0873902417988324
897 0.0870912457803369
898 0.0869743981616413
899 0.0868753839265807
900 0.0867802245847316
901 0.0866591452212068
902 0.0864515690202769
903 0.0864118074016132
904 0.0862312200877314
905 0.0861014416680722
906 0.0860973327981353
907 0.0860951964244384
908 0.0859470943511194
909 0.0858281085202556
910 0.0856964315126296
911 0.0856352322932791
912 0.0855799951369645
913 0.0853487920768349
914 0.0853086226265157
915 0.0852384819661326
916 0.0850613813142894
917 0.0849466765984218
918 0.0849408991964015
919 0.0846557270734575
920 0.0845582143599424
921 0.0843285581420431
922 0.0842115229729268
923 0.0840514289429244
924 0.0837677284630706
925 0.083674729007692
926 0.0835306514370768
927 0.0833981753555956
928 0.0833009632357808
929 0.0830476832263942
930 0.0829073512211619
931 0.0827328091939641
932 0.0827271944240208
933 0.0826638244883162
934 0.0823454886752417
935 0.0818960196832642
936 0.0818513905077582
937 0.0817147509511192
938 0.0815910416847833
939 0.0811873231682573
940 0.081171664683314
941 0.0811571153987551
942 0.081067506657941
943 0.0809748441999458
944 0.0809584102498886
945 0.0808411698444105
946 0.0807806478752954
947 0.0806623210435415
948 0.0806361354194625
949 0.0804651206533531
950 0.0804592276649075
951 0.0802225691154639
952 0.0801632752278859
953 0.0799901689026417
954 0.0799726065324551
955 0.0799579005747494
956 0.079777447275182
957 0.079734871733848
958 0.0796008777436276
959 0.0795475462630121
960 0.0793884708736864
961 0.0789782626477827
962 0.0788962976716771
963 0.0787832940102722
964 0.0781441646230945
965 0.0780492920582094
966 0.0779672136776554
967 0.0779329606551838
968 0.0779041674165739
969 0.0778329225200514
970 0.0778059711560992
971 0.0775376023518392
972 0.0772843044462042
973 0.0772744915141213
974 0.0771850554082584
975 0.0770405208721547
976 0.076991687731528
977 0.0763159707671112
978 0.0763126317951568
979 0.0762591782117536
980 0.0761815516389282
981 0.0761396899297351
982 0.0760904060219344
983 0.0757888113468561
984 0.0756440308635208
985 0.0756312085778672
986 0.0755479173575758
987 0.0755337508420773
988 0.0755276543666842
989 0.0754451552396223
990 0.0753049766765592
991 0.0752768719055367
992 0.0752507005385107
993 0.0751469980738643
994 0.0751226305940912
995 0.0750436614049526
996 0.0750125089826093
997 0.0749535515882757
998 0.0743274551318752
999 0.0743139405141114
1000 0.0742027725752383
1001 0.0741747253804392
1002 0.0739812631212621
1003 0.0737697834562581
1004 0.0736939103174396
1005 0.0736863266388285
1006 0.0736173604803298
1007 0.0736088983493862
1008 0.0735831835580789
1009 0.0735471992109049
1010 0.07343265386664
1011 0.0734297311899629
1012 0.0730066870883537
1013 0.0728125341979423
1014 0.0727466552437082
1015 0.0727333694005229
1016 0.0726617966232109
1017 0.0726463318513698
1018 0.0726348229124504
1019 0.072567055726219
1020 0.0725235923430404
1021 0.0724637737928085
1022 0.0723131712275331
1023 0.0722646131389851
1024 0.0720873086626766
1025 0.0719097770546984
1026 0.0716990802616591
1027 0.0716723608776771
1028 0.0716518551954258
1029 0.0714856758414663
1030 0.0712299441704498
1031 0.0710712521430696
1032 0.0709894432342321
1033 0.0708530852690635
1034 0.0707101647081913
1035 0.0704232132012329
1036 0.0704162318977478
1037 0.070331833783346
1038 0.0702482401241872
1039 0.0702118643288257
1040 0.0702055669931564
1041 0.0701963260849912
1042 0.0701665603775003
1043 0.0699309653481446
1044 0.069841502390076
1045 0.0694818504337063
1046 0.0691906009655863
1047 0.0690913360340565
1048 0.0690110278222711
1049 0.0689858015479591
1050 0.068984295983884
1051 0.0688976810794062
1052 0.0687880209181903
1053 0.068436141700905
1054 0.068308067048745
1055 0.068160885072881
1056 0.0680089912205716
1057 0.0679299603459146
1058 0.0676950450969073
1059 0.0676462318662808
1060 0.06764088239144
1061 0.0675884713379475
1062 0.0675161415849817
1063 0.0674556488385981
1064 0.067434216891593
1065 0.0674157546753945
1066 0.0673765388739498
1067 0.0673005552522008
1068 0.0668778682117877
1069 0.0667780242794768
1070 0.0667211318737628
1071 0.0667171884377216
1072 0.0666653404498093
1073 0.066647981331074
1074 0.066584433896482
1075 0.066448861678658
1076 0.0664464844408036
1077 0.0661157417388208
1078 0.0659839629156523
1079 0.0656437526210409
1080 0.0654424617417543
1081 0.0653956039588139
1082 0.0653584895274279
1083 0.065357504023781
1084 0.0652889362165
1085 0.0652499404424234
1086 0.0652390506306045
1087 0.0650649739797203
1088 0.0650612032666616
1089 0.0649850744884026
1090 0.0648911666361159
1091 0.0648869879036299
1092 0.0646711068877039
1093 0.0645463970709814
1094 0.06425213270571
1095 0.0642456389658852
1096 0.063943349151935
1097 0.0638014608786863
1098 0.0637803351472549
1099 0.0635053624644547
1100 0.0635001891392712
1101 0.0630892175296862
1102 0.0630745303970995
1103 0.0630471534445434
1104 0.0627953622236539
1105 0.0627755219687091
1106 0.0627686757869431
1107 0.0627458129810783
1108 0.0625595053172894
1109 0.0624156022131027
1110 0.0621536936669716
1111 0.0620897063661521
1112 0.0617920925988823
1113 0.0616619368429113
1114 0.0613190236813729
1115 0.0611387503567468
1116 0.0610161517401882
1117 0.0608518708789229
1118 0.0608225216049336
1119 0.0607954438221366
1120 0.0606986649088104
1121 0.0606773898698365
1122 0.0605825906659158
1123 0.0605776538679816
1124 0.0604861326234939
1125 0.0604528682504605
1126 0.060381012778586
1127 0.0603490805554946
1128 0.0603362446616668
1129 0.0602997577299689
1130 0.0600338824597627
1131 0.0598804092496733
1132 0.0598455892424776
1133 0.0597850051926984
1134 0.0596431828503907
1135 0.0595578678534107
1136 0.0595341179510534
1137 0.0591595606675193
1138 0.0590983686737727
1139 0.0590697418448874
1140 0.059003076010065
1141 0.0587685545040467
1142 0.0587158637830477
1143 0.0586691880030545
1144 0.0586414190524543
1145 0.058625110145857
1146 0.0585370667654932
1147 0.0585170976152497
1148 0.0585037473421165
1149 0.0584559344797663
1150 0.0583906202543263
1151 0.058017325615508
1152 0.0578063766618428
1153 0.0577502807033686
1154 0.0576761941780976
1155 0.057672496748794
1156 0.0575655939972356
1157 0.0575054319939285
1158 0.0574276022509374
1159 0.0573265955551051
1160 0.0573135513849345
1161 0.0572692656106052
1162 0.0570305362775766
1163 0.0570142302379584
1164 0.056993152234427
1165 0.0568994481606113
1166 0.0568682981648559
1167 0.0566637924328053
1168 0.056625105504367
1169 0.0566192317613343
1170 0.056542751061556
1171 0.0564815236849796
1172 0.0563769187585538
1173 0.0561744963854017
1174 0.0560449097237879
1175 0.0560098055691613
1176 0.0559709468234788
1177 0.0559296052755958
1178 0.0555384170598815
1179 0.0554382157389754
1180 0.0554027345466623
1181 0.055211355953857
1182 0.0551345428925005
1183 0.0550925937749221
1184 0.0550537092576137
1185 0.0550352680086675
1186 0.0548385446185806
1187 0.0546579990717949
1188 0.0546310555344047
1189 0.0545078884884699
1190 0.0544964208342876
1191 0.0544420431480037
1192 0.0543165324091512
1193 0.0542253173428787
1194 0.0542206412405221
1195 0.0541539827782007
1196 0.054093670436072
1197 0.0540806023475874
1198 0.0540413971450851
1199 0.053950605706261
1200 0.0537770628449448
1201 0.0535754204223578
1202 0.0534870775259098
1203 0.0533420504588712
1204 0.0532872294205312
1205 0.0532834243159933
1206 0.0532411099372309
1207 0.0531904524168175
1208 0.0529768427949799
1209 0.0529304217018802
1210 0.0529047955354828
1211 0.0525273675686803
1212 0.0523800881966147
1213 0.0523756455033117
1214 0.0523561660603555
1215 0.0523052424834616
1216 0.0522104425635729
1217 0.0521232732044179
1218 0.0520290242627564
1219 0.0518666343611977
1220 0.0516793030837115
1221 0.0514970708545472
1222 0.0514093219486522
1223 0.0513000128565195
1224 0.0512293455700632
1225 0.051180348110836
1226 0.0511696852516586
1227 0.0511233163799896
1228 0.0510490439086791
1229 0.0509557588253986
1230 0.0508816674288236
1231 0.0508497194785037
1232 0.0507712904497366
1233 0.0507391892561744
1234 0.0505305318280483
1235 0.0505302555485274
1236 0.0505095316383304
1237 0.0504340754268969
1238 0.0504223373395433
1239 0.0502743896668289
1240 0.050166929659085
1241 0.0500094466056213
1242 0.0499726345938448
1243 0.0499246356437427
1244 0.0498933008060749
1245 0.0498646685385744
1246 0.0497964481160306
1247 0.0497661663523888
1248 0.0495026196267944
1249 0.0493424860834088
1250 0.0493290943250314
1251 0.0492655268216481
1252 0.0491128715970687
1253 0.0490627401619875
1254 0.0488958208307969
1255 0.0488818309233179
1256 0.0488094205236661
1257 0.0486905535971764
1258 0.0486543006193724
1259 0.048548216533786
1260 0.0485240137566273
1261 0.0482325293873261
1262 0.0480786393687611
1263 0.0479805930169447
1264 0.0479477511316807
1265 0.0478336138438316
1266 0.0477277466442927
1267 0.0476467049039778
1268 0.0474693930524527
1269 0.0473997240875239
1270 0.0473754713431927
1271 0.0473554339383596
1272 0.0473454203001736
1273 0.0470186915593239
1274 0.0469610599171775
1275 0.0469465598866685
1276 0.0468790079659703
1277 0.0468568437494725
1278 0.0468481230270555
1279 0.0468449068596208
1280 0.0467342995445856
1281 0.0467071159117801
1282 0.0467060009705047
1283 0.0466175297574854
1284 0.0466003072010112
1285 0.046558105517462
1286 0.0465306948621983
1287 0.0464926454248803
1288 0.0464061574297247
1289 0.0463159848682446
1290 0.0462915600444725
1291 0.0462775138443418
1292 0.0461119211470346
1293 0.0460627994900289
1294 0.045869680507906
1295 0.0458597777946617
1296 0.0458409880868389
1297 0.0457913418640803
1298 0.0457638017718159
1299 0.0457327095784549
1300 0.0456830972932649
1301 0.0456353486380926
1302 0.0455358937423935
1303 0.0455058634388869
1304 0.0454427317520238
1305 0.0453383058728367
1306 0.0452949371760258
1307 0.0451658374810493
1308 0.0451036617862304
1309 0.0449550806747842
1310 0.04476365669626
1311 0.0446817801042994
1312 0.0445041674327335
1313 0.0444460324675604
1314 0.0443579734080347
1315 0.0443239804394552
1316 0.0442890117436241
1317 0.0442774428985352
1318 0.0442759889399682
1319 0.0440491001941324
1320 0.0440403742055614
1321 0.0439307748020966
1322 0.0438959811451288
1323 0.0437079964957654
1324 0.0436611760059688
1325 0.0436521465604324
1326 0.0436067620317404
1327 0.0435797888839545
1328 0.043349408372316
1329 0.0433088550581559
1330 0.0431482138558204
1331 0.042935283254075
1332 0.0429336964184709
1333 0.0428383374890606
1334 0.0427812776466548
1335 0.0427665429327598
1336 0.0426820967820214
1337 0.0425484924542484
1338 0.0425226078626
1339 0.0424870391649118
1340 0.0423996867591033
1341 0.0422549227067384
1342 0.0422526301268576
1343 0.0421314253570976
1344 0.0420768734069168
1345 0.0420724293592157
1346 0.0419475580567926
1347 0.0417933045569479
1348 0.0417734225030294
1349 0.0417440104116799
1350 0.0416209370495446
1351 0.0415863515907493
1352 0.0414950339884478
1353 0.0414345345913842
1354 0.0414234898540231
1355 0.041247140604632
1356 0.0411598677368346
1357 0.0411372454725907
1358 0.041052896000885
1359 0.0409863650449191
1360 0.0406240802917828
1361 0.0404307315501641
1362 0.0403810325079535
1363 0.040364657975168
1364 0.0402779733491818
1365 0.0401848872278072
1366 0.0400501393814746
1367 0.0400096182950172
1368 0.0399474101153143
1369 0.0399188614349852
1370 0.0397354029205831
1371 0.0396896969111017
1372 0.0395854322326854
1373 0.0394727451930912
1374 0.039429155286696
1375 0.0393247160877757
1376 0.039023821701132
1377 0.0388864194503378
1378 0.0388353117433732
1379 0.0387388409457097
1380 0.038646019314457
1381 0.038636925841394
1382 0.0386367564778585
1383 0.0385981761005603
1384 0.0385641734231047
1385 0.0383771801764407
1386 0.0383405947881011
1387 0.038321857212988
1388 0.0382549240793371
1389 0.0380295680952526
1390 0.0380054465667959
1391 0.0379482988852039
1392 0.0379330644142791
1393 0.0379088500666833
1394 0.0378937095314722
1395 0.0378342824913679
1396 0.0377898324731327
1397 0.0377643642404551
1398 0.0375688800240267
1399 0.0375534883000941
1400 0.0374710738015333
1401 0.0373868419236318
1402 0.0372444208753755
1403 0.0372348473606999
1404 0.0371460183348995
1405 0.0371003321751663
1406 0.0370768930076003
1407 0.0370446681461616
1408 0.036991391969732
1409 0.0369052253293911
1410 0.0369004507258061
1411 0.0368657192373621
1412 0.0368114298941519
1413 0.0366236923138532
1414 0.0365125365900897
1415 0.0364596867791309
1416 0.0363981269916376
1417 0.036241358569063
1418 0.0362101932473934
1419 0.0361546346156818
1420 0.036153809239083
1421 0.0360831336949406
1422 0.0360717678689588
1423 0.0359318769511041
1424 0.0359239048697344
1425 0.0358758847648165
1426 0.0357205909736782
1427 0.0356113309219791
1428 0.035530518909225
1429 0.0355258555627643
1430 0.0353317857944168
1431 0.0352397053901731
1432 0.0352222844544954
1433 0.0350660115955331
1434 0.0350658439762776
1435 0.0348694018139238
1436 0.0348398095551331
1437 0.0348051677635947
1438 0.0347933129768062
1439 0.0347804783808301
1440 0.0346854653549934
1441 0.0346320188866296
1442 0.0345911956567372
1443 0.0345269449873144
1444 0.0345155933871712
1445 0.0345034423266329
1446 0.0343617937852677
1447 0.0343037434812292
1448 0.0342888299745363
1449 0.034263544577732
1450 0.034233844770474
1451 0.0341775784376342
1452 0.0341599959898932
1453 0.0341242238960792
1454 0.0340767763672909
1455 0.0340496257417213
1456 0.0340291406132546
1457 0.0340172507313606
1458 0.0339411972317768
1459 0.0338005024295395
1460 0.0337023040251283
1461 0.0336870591788306
1462 0.0335025155907627
1463 0.0334872784427986
1464 0.0334354129977141
1465 0.0333995299535778
1466 0.0332743080911373
1467 0.0332127954815526
1468 0.0331104994729668
1469 0.032973321316943
1470 0.0328484475637082
1471 0.0328460878508301
1472 0.0327365383938887
1473 0.0327332583819467
1474 0.0326546683002856
1475 0.0326177987031802
1476 0.0325532466602811
1477 0.0324192642575836
1478 0.0323553301937821
1479 0.0322937582608982
1480 0.0322732072820026
1481 0.0322374216047113
1482 0.0321215261296192
1483 0.0320390561016134
1484 0.0319934316584088
1485 0.0319834790737417
1486 0.0319703979037259
1487 0.0319572827981879
1488 0.0319550809262244
1489 0.0319289733586272
1490 0.0318614906897607
1491 0.0318421959899691
1492 0.0317216270596785
1493 0.0317025566467534
1494 0.0316955346530315
1495 0.0316747455549542
1496 0.031602052291742
1497 0.0314909723997576
1498 0.0311878571085559
1499 0.0311454859222714
1500 0.0310732314516426
1501 0.0309537195502089
1502 0.0307336629589719
1503 0.0306962816232078
1504 0.0306644496836274
1505 0.0305761629987587
1506 0.0305448178514328
1507 0.0305069008300281
1508 0.0304662117561789
1509 0.0301937196633528
1510 0.0301861216584267
1511 0.0301424609565512
1512 0.030112720431977
1513 0.030029330390975
1514 0.0299411357187302
1515 0.0298999889871831
1516 0.0298064956186851
1517 0.0297762941315794
1518 0.0297453705895692
1519 0.0297228880702527
1520 0.0296675358944961
1521 0.0296617438053179
1522 0.0296385823767694
1523 0.0295766203564383
1524 0.0294689981248435
1525 0.0294628064301888
1526 0.0294272702196321
1527 0.0293931798847776
1528 0.029325198153854
1529 0.0291170046862083
1530 0.0290452049348823
1531 0.0290409879409534
1532 0.0288315632107161
1533 0.0287706535026047
1534 0.028736584314796
1535 0.0286800001168344
1536 0.0286729177173181
1537 0.0285853012066576
1538 0.0283372717958059
1539 0.0283275003371037
1540 0.0282920973726527
1541 0.0282658695661661
1542 0.0282658534449301
1543 0.0281949483060517
1544 0.0281916036193786
1545 0.0281327148112216
1546 0.028116109339312
1547 0.0280286345134571
1548 0.0279160250014791
1549 0.0278111909330529
1550 0.0278065026985033
1551 0.0277975796691533
1552 0.0277910718818904
1553 0.027779144363088
1554 0.0277746123160096
1555 0.0277206443956482
1556 0.0276883395670027
1557 0.027615432020761
1558 0.0276075156970509
1559 0.0275781839646021
1560 0.0275768819323391
1561 0.0275104670674236
1562 0.0274665295632386
1563 0.0274113544099136
1564 0.0274004290681806
1565 0.027338477682697
1566 0.0273244277839137
1567 0.0273202021233472
1568 0.0272806198556572
1569 0.0272602158233018
1570 0.0272141918757341
1571 0.0272111181948741
1572 0.0271319194192242
1573 0.0270286004939243
1574 0.0269486005109336
1575 0.0269033298289129
1576 0.0267422249897797
1577 0.0265684407442134
1578 0.0265609790391207
1579 0.026533392268406
1580 0.0265298898946929
1581 0.0264827724020741
1582 0.0263905781628873
1583 0.0263761843415994
1584 0.0263617421942844
1585 0.0263509965363501
1586 0.0263499908258336
1587 0.0263180240374352
1588 0.026283632982159
1589 0.0262831059675522
1590 0.0262694743980944
1591 0.0262092358013314
1592 0.0261887232211623
1593 0.0261706644125795
1594 0.0260417760601716
1595 0.0260040229938282
1596 0.0259692499286568
1597 0.0258360196786681
1598 0.0258272924860698
1599 0.0256047272063704
1600 0.0256046662517523
1601 0.0255475074405552
1602 0.0255031099020346
1603 0.0254090988697493
1604 0.0253950491112095
1605 0.0253802681499099
1606 0.0253598146591873
1607 0.0253595877607797
1608 0.0253210597539819
1609 0.0253028004102928
1610 0.0252716322487776
1611 0.0252414696100622
1612 0.0252199474818717
1613 0.0251284197100171
1614 0.025076669363438
1615 0.0250507728726204
1616 0.0249748526144315
1617 0.0248813094617455
1618 0.0247411215694339
1619 0.0247039183353292
1620 0.0246221669679297
1621 0.0245777630414353
1622 0.0245529105541392
1623 0.0245307190308774
1624 0.0244650093795063
1625 0.0244443203764345
1626 0.0242388701793687
1627 0.0241243365096535
1628 0.0241172205545462
1629 0.0241064788174727
1630 0.0240534105512392
1631 0.0239688959617174
1632 0.0239409428027691
1633 0.023880581065781
1634 0.0238188766473557
1635 0.0236661939589609
1636 0.0235726290898737
1637 0.023443367488437
1638 0.0234105538385996
1639 0.0231993173623277
1640 0.0231416625369759
1641 0.0231339910272483
1642 0.0231333642975787
1643 0.0230999923939836
1644 0.0230882311475611
1645 0.0230235289564199
1646 0.0229918279381879
1647 0.0229060655213515
1648 0.0228460570457601
1649 0.0228356476518864
1650 0.0227814155256586
1651 0.0227792327087652
1652 0.0226021528054992
1653 0.0225911087104393
1654 0.0224692397972961
1655 0.0223507883874263
1656 0.0223476376495731
1657 0.0223279549685428
1658 0.0222887098130136
1659 0.0222568484047955
1660 0.0222034971434316
1661 0.0221974975505982
1662 0.0220853022750423
1663 0.0220323018265429
1664 0.0220302885667757
1665 0.0219288833564531
1666 0.0218827510721407
1667 0.021875234167168
1668 0.0218694488774771
1669 0.0218509527519885
1670 0.0218246161231137
1671 0.02182369849963
1672 0.0218072816330809
1673 0.0218003959997228
1674 0.0217445950170889
1675 0.0217389125249878
1676 0.0216421548158612
1677 0.02164136985198
1678 0.0215725295679646
1679 0.0215001784266621
1680 0.0214465158700719
1681 0.0214011668272207
1682 0.0213683858971609
1683 0.0213657030391621
1684 0.0212036786083487
1685 0.0211705277361451
1686 0.0211268942538156
1687 0.0210949935858924
1688 0.0209719272287845
1689 0.020926563693912
1690 0.0208978915238271
1691 0.0208704515320811
1692 0.0207800503685713
1693 0.0206400170816128
1694 0.0206084334440484
1695 0.0205003502780452
1696 0.0204725532982467
1697 0.0204355638919883
1698 0.0204127391343199
1699 0.0203764413390343
1700 0.0203155173582632
1701 0.0202902605486464
1702 0.0201936317065685
1703 0.0201003377876802
1704 0.0198550828165293
1705 0.0198499359959496
1706 0.0197913321595707
1707 0.0197398423497553
1708 0.0197198518040619
1709 0.0196952797771432
1710 0.0196812855783439
1711 0.0196039192985683
1712 0.0195872092386572
1713 0.0195761847038577
1714 0.0195376673279386
1715 0.0195111974340456
1716 0.0194984551760975
1717 0.0194744097764888
1718 0.0193684323710682
1719 0.019355427429348
1720 0.0193464372437747
1721 0.0192840076303489
1722 0.0191667041874944
1723 0.0191640534564456
1724 0.019133500710836
1725 0.0190681941823888
1726 0.0189354684019932
1727 0.0189214015249527
1728 0.0187022375420597
1729 0.0185951882216758
1730 0.0185578488295534
1731 0.0185189422997419
1732 0.0183961775648519
1733 0.0183502146008483
1734 0.0183475409186063
1735 0.0183312424187387
1736 0.0182374506977153
1737 0.0182171680207903
1738 0.0182008593626402
1739 0.0181523625080787
1740 0.0181004355342205
1741 0.0180949653152238
1742 0.0180046911432859
1743 0.0179925268235273
1744 0.0179812527217646
1745 0.0178805137214652
1746 0.0178760836371878
1747 0.0178713310679286
1748 0.0178705715292987
1749 0.0178422386704073
1750 0.0178364839219289
1751 0.0177061806413387
1752 0.017696752294322
1753 0.0176422990055049
1754 0.0176294054859419
1755 0.0175417170362511
1756 0.0175035369632831
1757 0.017444999199909
1758 0.0174396630150498
1759 0.0173902220006963
1760 0.0173629955904024
1761 0.0173468215274071
1762 0.0173344243899038
1763 0.0173049502709178
1764 0.0172024632389231
1765 0.0171856306972404
1766 0.0171839252171283
1767 0.0171723913254074
1768 0.0170960454390986
1769 0.0170846824168676
1770 0.017079398169587
1771 0.0170745531967012
1772 0.0169954214599397
1773 0.0169102415682023
1774 0.0168931804370645
1775 0.0167896239311571
1776 0.0167885965010898
1777 0.0166848246667543
1778 0.0166815488653351
1779 0.0166754485958247
1780 0.0166750161349677
1781 0.0166742805396873
1782 0.0166088539135166
1783 0.0165620702984061
1784 0.0165305863929959
1785 0.0165305221491538
1786 0.0164565481937054
1787 0.0164463390125955
1788 0.0164330259331123
1789 0.0164106425779468
1790 0.0163942011096341
1791 0.0163904785693453
1792 0.0162869573602987
1793 0.0162252714815821
1794 0.0161661158115815
1795 0.0161009867504741
1796 0.0160448697532994
1797 0.0160447811844652
1798 0.0160124604331043
1799 0.0159402719589326
1800 0.0159182668087648
1801 0.015789862784193
1802 0.0157324113509041
1803 0.0157200538258974
1804 0.0157012489769629
1805 0.0156892263182985
1806 0.0156652083152534
1807 0.0156392013112138
1808 0.0156258215439632
1809 0.0155455274478665
1810 0.0155050704254325
1811 0.0154936497660309
1812 0.01541437863758
1813 0.0153329131040616
1814 0.0153108569229017
1815 0.0153010486500374
1816 0.0152462260434117
1817 0.0151760131823547
1818 0.015174031318583
1819 0.0151482899204422
1820 0.0151311663003159
1821 0.0150189402136333
1822 0.0150152717999129
1823 0.0149956453001337
1824 0.0149744863571526
1825 0.0149730646216898
1826 0.0149019140809294
1827 0.0147485129851402
1828 0.0146826955651529
1829 0.0146463658756457
1830 0.0146036511404525
1831 0.0145868303884411
1832 0.0145374526682986
1833 0.0144776142594797
1834 0.0144641252394513
1835 0.0144445640429365
1836 0.0143731499822797
1837 0.0143645868522282
1838 0.0143617222773277
1839 0.0142861318468953
1840 0.0142746911860202
1841 0.0142407658082704
1842 0.0142151482921204
1843 0.0141809826009733
1844 0.0141555922685689
1845 0.0141288268689813
1846 0.0141022195274903
1847 0.0140960090905515
1848 0.0140877598693487
1849 0.014061021654648
1850 0.013973326178363
1851 0.0139711031529601
1852 0.0139525261969217
1853 0.0139423623397704
1854 0.0139358740994524
1855 0.0138659771529969
1856 0.0138551545805127
1857 0.0138069269663543
1858 0.01380482846061
1859 0.0137178707914881
1860 0.0137100093915286
1861 0.0136552865245844
1862 0.0135887473949515
1863 0.0135136642122049
1864 0.0135062697379482
1865 0.0134931119880464
1866 0.0134564740759907
1867 0.0134483540085388
1868 0.0133865361023938
1869 0.013373119925034
1870 0.013230219614211
1871 0.0132283375873957
1872 0.0132118180082278
1873 0.0131942603096871
1874 0.0131752959285351
1875 0.0131238540594459
1876 0.0130652455301331
1877 0.01304244393782
1878 0.0130298016773679
1879 0.0129916103172399
1880 0.0129441300730457
1881 0.0129403696595188
1882 0.0129390130186631
1883 0.012927189078483
1884 0.0128806859972005
1885 0.0128708847468516
1886 0.0128405293405225
1887 0.0128358650153378
1888 0.0128041166854626
1889 0.0126611041187394
1890 0.0126336129678127
1891 0.0126274445320765
1892 0.0125872514662353
1893 0.0125781904202556
1894 0.0125564505914421
1895 0.0125432174464608
1896 0.0125175164359009
1897 0.0124694695593109
1898 0.0124531432959131
1899 0.0124394706521439
1900 0.0123631469206071
1901 0.0123484800283336
1902 0.0123327092833653
1903 0.012315424907694
1904 0.0123043921816315
1905 0.0122520082304934
1906 0.0122319119192182
1907 0.0122156738794441
1908 0.0122095718712107
1909 0.012193523350667
1910 0.0121933948104411
1911 0.0120469995434038
1912 0.0120282933116004
1913 0.0119403477677092
1914 0.0119084336516775
1915 0.0118834206693061
1916 0.0118802610155691
1917 0.0118492424266117
1918 0.0118298701076012
1919 0.0118162835124044
1920 0.0118051465287183
1921 0.0117691792172508
1922 0.0117426262942641
1923 0.0117055630945356
1924 0.0116979753815558
1925 0.0116957498486284
1926 0.0116058673499362
1927 0.0115987877744167
1928 0.0114922100822303
1929 0.0114883641375813
1930 0.0114483374266179
1931 0.0114339521808686
1932 0.0114081329121608
1933 0.0113306537538604
1934 0.0112422937974738
1935 0.0111600704111853
1936 0.0111054669054178
1937 0.0111027575529119
1938 0.0111023064677025
1939 0.0110998978831889
1940 0.0110943629222685
1941 0.0110036889501583
1942 0.0109938618335081
1943 0.0109787798339069
1944 0.010951097143028
1945 0.0109073010140841
1946 0.010869575887005
1947 0.0108645940837368
1948 0.0107464516450016
1949 0.0107388504429931
1950 0.0106888927745031
1951 0.01066586315661
1952 0.0106319852720724
1953 0.0105995519286371
1954 0.0105608550477259
1955 0.0105559244059405
1956 0.0105547391232715
1957 0.0105463437239823
1958 0.0105326522643245
1959 0.0105175846464517
1960 0.0105128921539799
1961 0.0105126777837688
1962 0.0105059001737006
1963 0.0104933863380482
1964 0.0104044530496978
1965 0.0104020687059005
1966 0.0103863979885568
1967 0.0103505913394619
1968 0.0102456380846912
1969 0.0102331985196302
1970 0.0102313391187237
1971 0.0101942757179797
1972 0.0101494263825926
1973 0.0101103302574494
1974 0.0100262068402107
1975 0.00991157058615181
1976 0.00991091400226672
1977 0.0098611397695933
1978 0.00981163418180907
1979 0.00977592476243909
1980 0.00975647964533684
1981 0.00975601935196569
1982 0.00975262503498918
1983 0.00975171960783516
1984 0.00969430903155459
1985 0.0096813702480528
1986 0.00966181224973716
1987 0.00957619891589018
1988 0.0095055705228794
1989 0.00950112952157653
1990 0.00945476395579612
1991 0.0094378961952775
1992 0.00940578295303912
1993 0.00939501918474295
1994 0.00938789018442255
1995 0.00938310575279804
1996 0.00935602315670872
1997 0.009328563211731
1998 0.00929336544970709
1999 0.00929118695139154
2000 0.00926895923636842
