# sku probability
2000 3.49032416136518E-05
1999 3.4986942414161E-05
1998 3.49951457788672E-05
1997 3.51276866565269E-05
1996 3.52310899696512E-05
1995 3.53330723358183E-05
1994 3.53510886166882E-05
1993 3.53779336177612E-05
1992 3.54184657202265E-05
1991 3.55393915139711E-05
1990 3.56029088416288E-05
1989 3.57775032598066E-05
1988 3.57942263176524E-05
1987 3.60601849655626E-05
1986 3.63825709854392E-05
1985 3.6456218686684E-05
1984 3.65049410378384E-05
1983 3.67211266056028E-05
1982 3.67245360868525E-05
1981 3.67373177446981E-05
1980 3.67390510278356E-05
1979 3.681227366299E-05
1978 3.69467412402411E-05
1977 3.71331597417789E-05
1976 3.73205898539233E-05
1975 3.73230622896517E-05
1974 3.77547371704087E-05
1973 3.8071512752475E-05
1972 3.82187333267845E-05
1971 3.83876182198249E-05
1970 3.85271843564536E-05
1969 3.85341861262792E-05
1968 3.85810286178492E-05
1967 3.89762411455976E-05
1966 3.9111074851612E-05
1965 3.91700845871992E-05
1964 3.91790630847331E-05
1963 3.9513950742736E-05
1962 3.95610729080352E-05
1961 3.95865947121278E-05
1960 3.95874019457217E-05
1959 3.9605072020035E-05
1958 3.96618107210849E-05
1957 3.97133673535279E-05
1956 3.97449811132136E-05
1955 3.97494444198613E-05
1954 3.97680112704811E-05
1953 3.99137284486127E-05
1952 4.00358596171068E-05
1951 4.01634303571673E-05
1950 4.02501508073382E-05
1949 4.04382716663575E-05
1948 4.0466894792589E-05
1947 4.09117725807898E-05
1946 4.09305320853586E-05
1945 4.10725900221528E-05
1944 4.12375089554751E-05
1943 4.13417510417357E-05
1942 4.13985438986977E-05
1941 4.14355489408024E-05
1940 4.17769913267193E-05
1939 4.17978338046503E-05
1938 4.1806903583153E-05
1937 4.1808602191988E-05
1936 4.18188045440234E-05
1935 4.20244197923113E-05
1934 4.23340406078456E-05
1933 4.26667693239923E-05
1932 4.29585252496815E-05
1931 4.30557504236211E-05
1930 4.31099195806169E-05
1929 4.32606443737815E-05
1928 4.32751266831643E-05
1927 4.36764562009825E-05
1926 4.37031150877656E-05
1925 4.40415770972198E-05
1924 4.40499575757078E-05
1923 4.40785299075818E-05
1922 4.42180952872655E-05
1921 4.43180831136139E-05
1920 4.44535218107027E-05
1919 4.44954592950018E-05
1918 4.45466210492792E-05
1917 4.4619569555557E-05
1916 4.47363733171538E-05
1915 4.47482713258714E-05
1914 4.4842460343745E-05
1913 4.49626363067992E-05
1912 4.52938045090756E-05
1911 4.53642447938653E-05
1910 4.59155115808039E-05
1909 4.59159956125541E-05
1908 4.59764280058567E-05
1907 4.59994057601296E-05
1906 4.60605518080424E-05
1905 4.61362265833968E-05
1904 4.63334838651071E-05
1903 4.63750287563509E-05
1902 4.64401148922169E-05
1901 4.64995012923531E-05
1900 4.65547310189803E-05
1899 4.6842136063576E-05
1898 4.68936218428102E-05
1897 4.69551001060639E-05
1896 4.71360256770624E-05
1895 4.7232805537499E-05
1894 4.72826363377876E-05
1893 4.73644999514218E-05
1892 4.73986202737832E-05
1891 4.75499714937502E-05
1890 4.75731993877771E-05
1889 4.76767202101867E-05
1888 4.82152490830448E-05
1887 4.83348007608767E-05
1886 4.83523647683055E-05
1885 4.84666712459118E-05
1884 4.85035788857365E-05
1883 4.86786911330117E-05
1882 4.87232154242947E-05
1881 4.87283239982307E-05
1880 4.87424842311705E-05
1879 4.89212760882416E-05
1878 4.90650896746548E-05
1877 4.9112695437055E-05
1876 4.91985572329034E-05
1875 4.94192538189019E-05
1874 4.96129635914976E-05
1873 4.96843759648313E-05
1872 4.97504913267309E-05
1871 4.98126975408645E-05
1870 4.98197845109314E-05
1869 5.03578906723816E-05
1868 5.04084107003567E-05
1867 5.06411925326212E-05
1866 5.06717695012932E-05
1865 5.08097334154817E-05
1864 5.08592803076625E-05
1863 5.08871249787852E-05
1862 5.1169858606337E-05
1861 5.14204187025803E-05
1860 5.16264834179424E-05
1859 5.16560863469454E-05
1858 5.19835346027987E-05
1857 5.19914367470582E-05
1856 5.21730429043942E-05
1855 5.22137964402188E-05
1854 5.24770007491362E-05
1853 5.25014329009768E-05
1852 5.25397059748819E-05
1851 5.26096594581719E-05
1850 5.26180304943122E-05
1849 5.29482570406962E-05
1848 5.30489426024961E-05
1847 5.30800059132113E-05
1846 5.31033919671873E-05
1845 5.3203584712141E-05
1844 5.33043726414943E-05
1843 5.33999826106354E-05
1842 5.35286371167776E-05
1841 5.36251025702253E-05
1840 5.37528521509752E-05
1839 5.3795933163693E-05
1838 5.40805768857964E-05
1837 5.40913637440965E-05
1836 5.4123609111622E-05
1835 5.43925262737493E-05
1834 5.44661860181495E-05
1833 5.45169803428604E-05
1832 5.47423081695905E-05
1831 5.49282451720645E-05
1830 5.49915854842406E-05
1829 5.51524323155722E-05
1828 5.52892355853119E-05
1827 5.55370780079207E-05
1826 5.61147259804268E-05
1825 5.63826508306468E-05
1824 5.63880045251776E-05
1823 5.64676807520684E-05
1822 5.65415864027843E-05
1821 5.65554002007693E-05
1820 5.69779993425875E-05
1819 5.70424801365289E-05
1818 5.71394120806522E-05
1817 5.71468749972865E-05
1816 5.74112689158879E-05
1815 5.76177092115188E-05
1814 5.76546432953642E-05
1813 5.77376981670563E-05
1812 5.80444652082171E-05
1811 5.83429689861225E-05
1810 5.83859746811864E-05
1809 5.85383198574869E-05
1808 5.88406757277355E-05
1807 5.88910586496119E-05
1806 5.89889907607038E-05
1805 5.90794330791975E-05
1804 5.91247056658495E-05
1803 5.91955173038265E-05
1802 5.9242050864937E-05
1801 5.94583902840665E-05
1800 5.99419091538237E-05
1799 6.00247718629439E-05
1798 6.02966051606729E-05
1797 6.04183123518596E-05
1796 6.04186458671274E-05
1795 6.06299603266122E-05
1794 6.08752106614054E-05
1793 6.10979675632534E-05
1792 6.13302522323397E-05
1791 6.17200722411833E-05
1790 6.17340898584585E-05
1789 6.17960019379453E-05
1788 6.18802888177926E-05
1787 6.19304206198615E-05
1786 6.19688643659035E-05
1785 6.22474210813115E-05
1784 6.22476629982609E-05
1783 6.23662189579379E-05
1782 6.25423875848701E-05
1781 6.27887584322294E-05
1780 6.27915283936834E-05
1779 6.27931568705591E-05
1778 6.28161280774877E-05
1777 6.28284634525277E-05
1776 6.32192272172763E-05
1775 6.32230961133374E-05
1774 6.36130490362253E-05
1773 6.3677294521303E-05
1772 6.39980483692936E-05
1771 6.42960272531211E-05
1770 6.43142715084825E-05
1769 6.4334169897814E-05
1768 6.43769585540456E-05
1767 6.46644470247673E-05
1766 6.4707879108048E-05
1765 6.47143012729212E-05
1764 6.47776859803455E-05
1763 6.51636116866472E-05
1762 6.52745995840026E-05
1761 6.53212823101382E-05
1760 6.53821874467566E-05
1759 6.5484711360448E-05
1758 6.5670886703936E-05
1757 6.5690980669686E-05
1756 6.59114107790939E-05
1755 6.60551818625182E-05
1754 6.6385381949522E-05
1753 6.64339338545509E-05
1752 6.66389834451005E-05
1751 6.66744868781776E-05
1750 6.71651575963792E-05
1749 6.71868277074937E-05
1748 6.7293518069839E-05
1747 6.72963781924956E-05
1746 6.73142744922752E-05
1745 6.73309564409126E-05
1744 6.77102997498756E-05
1743 6.77527535667245E-05
1742 6.77985595931371E-05
1741 6.81384964894242E-05
1740 6.81590951748268E-05
1739 6.83546316604905E-05
1738 6.85372516709035E-05
1737 6.85986636397437E-05
1736 6.86750401945686E-05
1735 6.90282227921783E-05
1734 6.90895965089369E-05
1733 6.90996645408391E-05
1732 6.92727429196501E-05
1731 6.97350264505442E-05
1730 6.98815330836765E-05
1729 7.00221384948903E-05
1728 7.04252439783276E-05
1727 7.12505290241296E-05
1726 7.13034993302423E-05
1725 7.18032922264426E-05
1724 7.2049210833183E-05
1723 7.21642604126209E-05
1722 7.21742420193893E-05
1721 7.26159604802926E-05
1720 7.28510457607088E-05
1719 7.28848992507515E-05
1718 7.2933870727641E-05
1717 7.33329398024591E-05
1716 7.34234852855963E-05
1715 7.34714675990932E-05
1714 7.35711427706496E-05
1713 7.37161840038391E-05
1712 7.375769805002E-05
1711 7.3820621539441E-05
1710 7.41119524091638E-05
1709 7.41646490377093E-05
1708 7.42571775914132E-05
1707 7.4332454095337E-05
1706 7.45263443937833E-05
1705 7.47470233080455E-05
1704 7.47664042026693E-05
1703 7.56899376109771E-05
1702 7.60412456822507E-05
1701 7.6405111757814E-05
1700 7.65002189328448E-05
1699 7.67296345950235E-05
1698 7.68663177637147E-05
1697 7.69522667911467E-05
1696 7.7091554293752E-05
1695 7.71962267469684E-05
1694 7.76032252849033E-05
1693 7.77221567965042E-05
1692 7.82494668778227E-05
1691 7.858988197424E-05
1690 7.86932101513699E-05
1689 7.88011782257289E-05
1688 7.89719993910537E-05
1687 7.94354187121565E-05
1686 7.95555440349428E-05
1685 7.97198505053193E-05
1684 7.98446836039143E-05
1683 8.04548036521076E-05
1682 8.04649062362875E-05
1681 8.05883462788015E-05
1680 8.07591128728946E-05
1679 8.09611848780153E-05
1678 8.12336307159466E-05
1677 8.14928560512264E-05
1676 8.14958119153429E-05
1675 8.18601632533418E-05
1674 8.18815612754622E-05
1673 8.20916857489315E-05
1672 8.21176143260925E-05
1671 8.21794337650488E-05
1670 8.21828891728616E-05
1669 8.22820625209652E-05
1668 8.23517116283117E-05
1667 8.23734967455765E-05
1666 8.24018024424471E-05
1665 8.25755184147027E-05
1664 8.29573704076305E-05
1663 8.29649515491905E-05
1662 8.31645303166047E-05
1661 8.35870134358821E-05
1660 8.36096055341869E-05
1659 8.38105053243671E-05
1658 8.39304828106014E-05
1657 8.40782645745157E-05
1656 8.41523817816461E-05
1655 8.41642462166648E-05
1654 8.46102874681941E-05
1653 8.50691976880104E-05
1652 8.51107853904105E-05
1651 8.57775984047956E-05
1650 8.57858180315613E-05
1649 8.59900348111024E-05
1648 8.60292324793802E-05
1647 8.62552007104427E-05
1646 8.65781481180077E-05
1645 8.66975216388676E-05
1644 8.69411645498725E-05
1643 8.69854527612124E-05
1642 8.71111181767766E-05
1641 8.71134781933145E-05
1640 8.71423660706623E-05
1639 8.7359471384013E-05
1638 8.81549045692195E-05
1637 8.82784678215E-05
1636 8.8765215987207E-05
1635 8.91175443499735E-05
1634 8.96924870838197E-05
1633 8.99248415661304E-05
1632 9.01521400401651E-05
1631 9.02574006024093E-05
1630 9.05756491848803E-05
1629 9.07754833271107E-05
1628 9.0815932468688E-05
1627 9.08427283466379E-05
1626 9.12740169352512E-05
1625 9.20476612770695E-05
1624 9.21255678957681E-05
1623 9.23730045043094E-05
1622 9.24565690209318E-05
1621 9.25501536777067E-05
1620 9.27173613366796E-05
1619 9.3025204715405E-05
1618 9.3165297409272E-05
1617 9.36931896733207E-05
1616 9.40454362606926E-05
1615 9.43313219839292E-05
1614 9.44288379458515E-05
1613 9.46237093229044E-05
1612 9.4968366781626E-05
1611 9.50494106206502E-05
1610 9.51629912115172E-05
1609 9.52803582043237E-05
1608 9.53491156848815E-05
1607 9.5494196949764E-05
1606 9.54950513596001E-05
1605 9.55720711317588E-05
1604 9.56277303973104E-05
1603 9.56806362419065E-05
1602 9.60346446791569E-05
1601 9.62018282835418E-05
1600 9.6417065803385E-05
1599 9.64172953344151E-05
1598 9.7255388321347E-05
1597 9.72882514836613E-05
1596 9.77899440132126E-05
1595 9.79208856501725E-05
1594 9.80630487952072E-05
1593 9.85483914524092E-05
1592 9.86163937969171E-05
1591 9.86936360766061E-05
1590 9.89204708531619E-05
1589 9.89718019627533E-05
1588 9.89737864917265E-05
1587 9.91032896302173E-05
1586 9.92236639366121E-05
1585 9.92274510454189E-05
1584 9.92679149514101E-05
1583 9.93222983772405E-05
1582 9.93764998263291E-05
1581 9.97236669379394E-05
1580 9.99010928157717E-05
1579 9.99142813726326E-05
1578 0.000100018162261419
1577 0.000100046260097331
1576 0.000100700662965762
1575 0.000101307320194691
1574 0.000101477791712829
1573 0.00010177904006922
1572 0.000102168098357324
1571 0.000102466329683142
1570 0.000102477903951942
1569 0.000102651211970782
1568 0.000102728045502254
1567 0.000102877096697492
1566 0.00010289300886713
1565 0.000102945915239828
1564 0.000103179199702591
1563 0.000103220340226839
1562 0.000103428108074174
1561 0.000103593559370848
1560 0.000103843651535218
1559 0.00010384855447475
1558 0.000103959006200613
1557 0.00010398881595078
1556 0.000104263356990074
1555 0.000104385004222601
1554 0.000104588226107143
1553 0.00010460529200744
1552 0.000104650206334927
1551 0.000104674712092846
1550 0.000104708312699062
1549 0.000104725966739721
1548 0.000105120730458744
1547 0.00010554477342887
1546 0.000105874169092834
1545 0.000105936698745127
1544 0.000106158450750615
1543 0.000106171045520329
1542 0.000106438046283933
1541 0.000106438106990144
1540 0.00010653687055609
1539 0.000106670184145088
1538 0.000106706979601331
1537 0.000107640960454357
1536 0.000107970889647371
1535 0.000107997559168211
1534 0.000108210632921434
1533 0.000108338924034098
1532 0.000108568285951074
1531 0.000109356896815891
1530 0.000109372776350393
1529 0.00010964314587133
1528 0.000110427120287262
1527 0.000110683112650507
1526 0.000110811483394597
1525 0.000110945298735831
1524 0.000110968614213763
1523 0.000111373877054667
1522 0.000111607201564068
1521 0.000111694418361136
1520 0.000111716229082586
1519 0.000111924663526519
1518 0.000112009323819415
1517 0.000112125769671728
1516 0.000112239496550297
1515 0.00011259155567007
1514 0.000112746498018631
1513 0.000113078604339944
1512 0.000113392618316599
1511 0.000113504609392238
1510 0.00011366901836068
1509 0.000113697629447961
1508 0.000114723727104794
1507 0.000114876946095123
1506 0.000115019726630198
1505 0.000115137760081703
1504 0.000115470212886237
1503 0.000115590079405214
1502 0.000115730842759626
1501 0.000116559489016099
1500 0.000117009523660235
1499 0.00011728160547457
1498 0.000117441158636325
1497 0.000118582571169902
1496 0.000119000854194941
1495 0.000119274588328933
1494 0.000119352871865911
1493 0.000119379313922374
1492 0.00011945112556951
1491 0.000119905140567064
1490 0.000119977796790003
1489 0.000120231909882543
1488 0.000120330220676296
1487 0.000120338512056934
1486 0.000120387898367274
1485 0.000120437156889834
1484 0.000120474634394963
1483 0.000120646438038074
1482 0.000120956987608956
1481 0.000121393404219053
1480 0.000121528158953534
1479 0.000121605545827669
1478 0.000121837401421729
1477 0.000122078151868386
1476 0.000122582676708131
1475 0.000122825754220126
1474 0.000122964590568755
1473 0.00012326052979329
1472 0.000123272881023497
1471 0.000123685401034294
1470 0.00012369428678151
1469 0.000124164512042967
1468 0.000124681070828232
1467 0.000125066277215782
1466 0.000125297909421715
1465 0.000125769445525026
1464 0.00012590456690461
1463 0.0001260998716972
1462 0.000126157248781652
1461 0.000126852167086753
1460 0.000126909573160091
1459 0.000127279349587825
1458 0.000127809150674554
1457 0.000128095538132288
1456 0.000128140310734035
1455 0.00012821744964145
1454 0.000128319688179785
1453 0.000128498356843552
1452 0.000128633060428019
1451 0.000128699268985637
1450 0.000128911145784287
1449 0.000129022983534586
1448 0.00012911819835768
1447 0.000129174356736861
1446 0.000129392951266833
1445 0.000129926343758634
1444 0.000129972099856057
1443 0.000130014845501215
1442 0.000130256788159664
1441 0.000130410512328694
1440 0.000130611770630853
1439 0.000130969552180287
1438 0.000131017882202347
1437 0.000131062522649781
1436 0.000131192969962058
1435 0.000131304402727283
1434 0.000132044126366248
1433 0.000132044757554197
1432 0.000132633219453201
1431 0.000132698819820145
1430 0.000133045558274295
1429 0.000133776348413922
1428 0.000133793908735862
1427 0.000134098214875798
1426 0.000134509645100694
1425 0.000135094420216754
1424 0.000135275244976204
1423 0.000135305264687707
1422 0.00013583203866318
1421 0.00013587483787723
1420 0.000136140974077689
1419 0.000136144082120147
1418 0.00013635329399571
1417 0.000136470650294779
1416 0.000137060978290725
1415 0.000137292788150038
1414 0.000137491799675938
1413 0.000137910368253523
1412 0.000138617313872554
1411 0.000138821746108665
1410 0.000138952531184082
1409 0.000138970510456434
1408 0.000139294980010152
1407 0.000139495597060109
1406 0.000139616943167701
1405 0.000139705205820273
1404 0.000139877241863469
1403 0.000140211736909865
1402 0.000140247786987041
1401 0.000140784088434852
1400 0.00014110127243696
1399 0.000141411612905871
1398 0.000141469572062403
1397 0.000142205688455157
1396 0.000142301591765976
1395 0.000142468972988251
1394 0.000142692751762787
1393 0.00014274976504175
1392 0.000142840946716315
1391 0.000142898313720095
1390 0.000143113509330238
1389 0.000143204341484566
1388 0.000144052943162597
1387 0.000144304986922441
1386 0.000144375545233762
1385 0.000144513311364369
1384 0.000145217454116754
1383 0.000145345494777682
1382 0.000145490773249196
1381 0.000145491411005416
1380 0.000145525653435373
1379 0.000145875183057843
1378 0.000146238454000529
1377 0.000146430905450472
1376 0.000146948308088183
1375 0.000148081357571885
1374 0.000148474634368221
1373 0.00014863877674883
1372 0.000149063111657355
1371 0.000149455731278365
1370 0.000149627842067876
1369 0.000150318674413878
1368 0.000150426177474564
1367 0.000150660428922989
1366 0.000150813015339112
1365 0.000151320422537432
1364 0.000151670948125296
1363 0.000151997368208482
1362 0.000152059028235196
1361 0.000152246175209739
1360 0.000152974250247326
1359 0.00015433847161773
1358 0.00015458900093517
1357 0.000154906627749125
1356 0.000154991814266253
1355 0.000155320449435896
1354 0.000155984511096209
1353 0.000156026101217262
1352 0.0001562539180648
1351 0.000156597784107948
1350 0.000156728019293352
1349 0.000157191464992623
1348 0.000157302219318385
1347 0.000157377087285111
1346 0.000157957945074808
1345 0.000158428161107476
1344 0.000158444895636855
1343 0.000158650316747154
1342 0.000159106726065157
1341 0.000159115359016004
1340 0.0001596604832924
1339 0.000159989417970795
1338 0.000160123355645741
1337 0.000160220826800089
1336 0.000160723927958911
1335 0.00016104191882794
1334 0.000161097403944022
1333 0.000161312268786464
1332 0.000161671352872212
1331 0.000161677328268702
1330 0.000162479140861695
1329 0.000163084052217463
1328 0.000163236759990393
1327 0.000164104282055787
1326 0.000164205852282848
1325 0.00016437675250261
1324 0.000164410753830176
1323 0.00016458706131262
1322 0.00016529493729622
1321 0.000165425956473756
1320 0.000165838664563445
1319 0.000165871523191868
1318 0.000166725896645605
1317 0.000166731371679626
1316 0.000166774935383493
1315 0.000166906613688293
1314 0.000167034617789427
1313 0.000167366213446773
1312 0.000167585126777158
1311 0.000168253945986653
1310 0.000168562260911644
1309 0.000169283088051207
1308 0.000169842585865339
1307 0.000170076714988515
1306 0.000170562853478404
1305 0.00017072616287104
1304 0.000171119389510519
1303 0.000171357118522361
1302 0.00017147020079107
1301 0.000171844708669001
1300 0.000172024511255862
1299 0.000172211331537712
1298 0.000172328412464438
1297 0.000172432117580606
1296 0.000172619065657942
1295 0.00017268982028047
1294 0.000172727109989506
1293 0.000173454319843528
1292 0.000173639292613309
1291 0.000174262849344564
1290 0.000174315741789596
1289 0.000174407716034358
1288 0.000174747270305771
1287 0.000175072949954868
1286 0.000175216229116002
1285 0.00017531944682352
1284 0.000175478361704885
1283 0.000175543215054058
1282 0.000175876362718765
1281 0.000175880561147491
1280 0.000175982923978048
1279 0.000176399427464843
1278 0.000176411538281838
1277 0.000176444377080003
1276 0.000176527838770132
1275 0.000176782212637733
1274 0.000176836814028823
1273 0.000177053832043374
1272 0.000178284163507046
1271 0.000178321870915626
1270 0.000178397323872573
1269 0.000178488650134087
1268 0.000178750995954569
1267 0.000179418682394538
1266 0.000179723853597784
1265 0.000180122507680755
1264 0.00018055230365173
1263 0.000180675973227481
1262 0.000181045177085165
1261 0.000181624666147845
1260 0.000182722281220788
1259 0.000182813419325654
1258 0.000183212890115865
1257 0.000183349404519612
1256 0.000183797010442709
1255 0.000184069679424192
1254 0.000184122359893319
1253 0.000184750912204098
1252 0.000184939687399507
1251 0.000185514526715465
1250 0.000185753896840285
1249 0.000185804324916012
1248 0.000186407324628569
1247 0.000187399737563542
1246 0.000187513766731858
1245 0.000187770657913523
1244 0.0001878784757305
1243 0.000187996470359903
1242 0.000188177215458667
1241 0.000188315834963678
1240 0.000188908853977456
1239 0.000189313505947375
1238 0.00018987061848129
1237 0.000189914819484718
1236 0.000190198957791054
1235 0.000190276995856206
1234 0.000190278036215822
1233 0.000191063757723777
1232 0.000191184638146963
1231 0.000191479970909874
1230 0.000191600274279502
1229 0.000191879273231833
1228 0.000192230548031695
1227 0.000192510228840003
1226 0.000192684835706852
1225 0.000192724987825409
1224 0.000192909492915382
1223 0.000193175598020655
1222 0.000193587212912466
1221 0.00019391764065367
1220 0.000194603855293536
1219 0.000195309270936561
1218 0.000195920767203313
1217 0.000196275671513361
1216 0.000196603916910315
1215 0.000196960895986871
1214 0.000197152654075652
1213 0.000197226005968423
1212 0.000197242735397673
1211 0.000197797331375153
1210 0.000199218576110524
1209 0.000199315074137388
1208 0.000199489877649531
1207 0.000200294247164153
1206 0.000200485003389253
1205 0.000200644342636304
1204 0.00020065867115795
1203 0.000200865105548036
1202 0.000201411220233869
1201 0.000201743884709021
1200 0.00020250319047525
1199 0.00020315668438588
1198 0.000203498569105072
1197 0.000203646200421658
1196 0.000203695409684336
1195 0.000203922522156828
1194 0.00020417353161287
1193 0.00020419113996848
1192 0.000204534619901418
1191 0.000205007243799265
1190 0.000205212008700518
1189 0.000205255191359376
1188 0.000205718989834855
1187 0.000205820448560853
1186 0.00020650031182069
1185 0.000207241094452284
1184 0.000207310536916235
1183 0.000207456960658969
1182 0.000207614924476587
1181 0.000207904172144123
1180 0.000208624828378985
1179 0.000208758436543231
1178 0.000209135755163845
1177 0.000210608815564835
1176 0.000210764491514815
1175 0.00021091081821178
1174 0.000211043006600932
1173 0.00021153097881495
1172 0.000212293221567126
1171 0.000212687122427828
1170 0.000212917680558846
1169 0.000213205676683877
1168 0.00021322779488151
1167 0.000213373474582557
1166 0.000214143562441951
1165 0.000214260861029677
1164 0.0002146137135825
1163 0.000214693085023374
1162 0.000214754487131857
1161 0.000215653447562956
1160 0.000215820210307515
1159 0.000215869329503263
1158 0.000216249680847932
1157 0.000216542756937175
1156 0.000216769303293011
1155 0.000217171856856108
1154 0.000217185779915326
1153 0.000217464760524249
1152 0.000217675995760293
1151 0.000218470346248861
1150 0.000219876026502652
1149 0.000220121974093229
1148 0.000220302018458976
1147 0.000220352290317649
1146 0.000220427486254754
1145 0.000220759022870565
1144 0.00022082043577496
1143 0.00022092500268128
1142 0.000221100765243728
1141 0.000221299177699639
1140 0.000222182293115234
1139 0.000222433330333204
1138 0.000222541127670504
1137 0.000222771552563752
1136 0.00022418198743912
1135 0.000224271420196255
1134 0.000224592682797257
1133 0.000225126729754801
1132 0.00022535486537105
1131 0.000225485983773143
1130 0.000226063903299637
1129 0.000227065084614438
1128 0.000227202479996197
1127 0.000227250814905454
1126 0.000227371059052548
1125 0.000227641638395076
1124 0.000227766898892992
1123 0.000228111531772227
1122 0.000228130121804473
1121 0.000228487098184976
1120 0.000228567211583547
1119 0.000228931642768192
1118 0.0002290336070094
1117 0.00022914412478978
1116 0.000229762741664341
1115 0.000230224399659174
1114 0.000230903237837816
1113 0.000232194513441091
1112 0.000232684628639811
1111 0.000233805324605957
1110 0.000234046275522209
1109 0.000235032519719985
1108 0.000235574402005396
1107 0.000236275963123303
1106 0.000236362055425223
1105 0.000236387835443262
1104 0.000236462546011553
1103 0.000237410692356227
1102 0.000237513783152653
1101 0.00023756908909631
1100 0.000239116645949232
1099 0.000239136126649731
1098 0.000240171565229208
1097 0.000240251116394512
1096 0.000240785411621954
1095 0.000241923715734054
1094 0.000241948168594867
1093 0.000243056252035245
1092 0.000243525859976509
1091 0.000244338782664647
1090 0.000244354518121658
1089 0.000244708138023763
1088 0.000244994808951271
1087 0.000245009007968182
1086 0.000245664511919614
1085 0.000245705518652231
1084 0.000245852361344037
1083 0.000246110560639494
1082 0.000246114271657206
1081 0.000246254029955089
1080 0.000246430477868791
1079 0.000247188459861721
1078 0.000248469557535091
1077 0.00024896578456418
1076 0.000250211231020991
1075 0.000250220182760348
1074 0.000250730694216289
1073 0.000250969988769963
1072 0.000251035356358704
1071 0.000251230595414475
1070 0.000251245444837956
1069 0.000251459679179912
1068 0.000251835652016154
1067 0.000253427324556973
1066 0.000253713448882364
1065 0.000253861120110383
1064 0.000253930641528729
1063 0.000254011345781007
1062 0.00025423913758471
1061 0.000254511502882608
1060 0.000254708862221087
1059 0.000254729006231662
1058 0.000254912817589448
1057 0.000255797415685711
1056 0.000256095014762667
1055 0.000256666987051205
1054 0.000257221216273036
1053 0.000257703494856308
1052 0.000259028533086225
1051 0.000259441469965621
1050 0.000259767627505129
1049 0.000259773296865122
1048 0.000259868289056249
1047 0.000260170698080609
1046 0.000260544490628466
1045 0.000261641221156286
1044 0.000262995528453349
1043 0.000263332410638426
1042 0.000264219568519142
1041 0.000264331654423704
1040 0.000264366452036056
1039 0.000264390165316349
1038 0.000264527142202536
1037 0.000264841922924792
1036 0.000265159732907939
1035 0.000265186021741033
1034 0.000266266567843715
1033 0.000266804750258856
1032 0.000267318220529127
1031 0.000267626280586194
1030 0.000268223852118505
1029 0.000269186836642887
1028 0.000269812602491516
1027 0.000269889818796369
1026 0.000269990433449116
1025 0.000270783834400306
1024 0.000271452348356329
1023 0.000272120007024143
1022 0.000272302857617578
1021 0.000272869967428873
1020 0.000273095220476004
1019 0.000273258886420124
1018 0.000273514070892749
1017 0.000273557409013629
1016 0.000273615643239749
1015 0.000273885158066147
1014 0.00027393518730707
1013 0.000274183261443361
1012 0.000274914364587869
1011 0.000276507381680204
1010 0.00027651838732686
1009 0.000276949719877219
1008 0.000277085222724054
1007 0.000277182054477345
1006 0.000277213919522099
1005 0.000277473618850995
1004 0.000277502175991029
1003 0.000277787884281316
1002 0.00027858423321929
1001 0.000279312735719192
1000 0.00027941835038333
999 0.000279836964958196
998 0.000279887855673874
997 0.000282245487780557
996 0.000282467498054511
995 0.000282584805779809
994 0.000282882172573453
993 0.00028297393088335
992 0.000283364433429233
991 0.00028346298446645
990 0.000283568815939918
989 0.000284096673073699
988 0.000284407332220139
987 0.00028443028913992
986 0.000284483634645133
985 0.000284797276502001
984 0.000284845560168246
983 0.00028539074631719
982 0.000286526432810701
981 0.000286712016552928
980 0.00028686965122507
979 0.000287161962255669
978 0.000287363247350259
977 0.000287375820600598
976 0.000289920303953049
975 0.000290104190284036
974 0.000290648450292792
973 0.000290985231363063
972 0.000291022182991686
971 0.000291976002916357
970 0.000292986573896095
969 0.000293088062093837
968 0.000293356342250611
967 0.000293464766221244
966 0.000293593749582681
965 0.000293902824363859
964 0.000294260076992795
963 0.000296666785972107
962 0.000297092313153386
961 0.000297400960898178
960 0.000298945643149498
959 0.000299544658271566
958 0.000299745483575256
957 0.000300250052049038
956 0.000300410374731242
955 0.000301089890624469
954 0.000301145267456093
953 0.000301211400409567
952 0.00030186325049767
951 0.000302086527872353
950 0.000302977690549901
949 0.000302999881218163
948 0.000303643855320196
947 0.000303742460043847
946 0.000304188032183368
945 0.000304415934028342
944 0.00030485741511537
943 0.000304919298884074
942 0.00030526822912289
941 0.00030560566026824
940 0.000305660447130639
939 0.000305719410803835
938 0.000307239655371415
937 0.000307705495634885
936 0.000308220026267477
935 0.000308388082125312
934 0.000310080604923695
933 0.000311279331934428
932 0.000311517958097359
931 0.000311539101104566
930 0.000312196357479491
929 0.000312724792415911
928 0.000313678544950375
927 0.000314044607419649
926 0.000314543460048306
925 0.000315085999305416
924 0.00031543619854335
923 0.000316504502561281
922 0.000317107353482035
921 0.00031754806172994
920 0.000318412856391024
919 0.000318780050777516
918 0.000319853896422401
917 0.000319875651837812
916 0.000320307584518716
915 0.000320974475664052
914 0.000321238597703416
913 0.00032138985999665
912 0.000322260479454965
911 0.000322468480781084
910 0.000322698932883103
909 0.000323194776515051
908 0.000323642830185084
907 0.000324200524130727
906 0.000324208568870748
905 0.000324224041252976
904 0.000324712735552098
903 0.000325392756090331
902 0.000325542482650539
901 0.000326324132683681
900 0.000326780069771305
899 0.000327138402289083
898 0.000327511250812999
897 0.000327951252820054
896 0.000329077153798679
895 0.000329271397682056
894 0.000329281430979378
893 0.000329552108644344
892 0.000329651111402329
891 0.000329691006124815
890 0.000329751595412007
889 0.000329837113569718
888 0.000330493176196817
887 0.000330758006391633
886 0.000330809349425652
885 0.000331391698448108
884 0.000331476212221701
883 0.000332208023581954
882 0.00033221711757845
881 0.000333116641727892
880 0.00033427592417343
879 0.00033451073856877
878 0.000335409864903561
877 0.000338945187641299
876 0.000340429215110173
875 0.000340578349134271
874 0.000342482384405288
873 0.000342841212394985
872 0.000343680277435102
871 0.000344764866946615
870 0.000344791223979542
869 0.000344833899823542
868 0.000345006417463788
867 0.000346076257495633
866 0.000346396133270151
865 0.00034650463659778
864 0.000346987743569795
863 0.000347098456389992
862 0.000347429149739659
861 0.000347487613863193
860 0.000348013752861481
859 0.000348268606134463
858 0.000348508163595826
857 0.000349246631258425
856 0.000349309256776287
855 0.000350209675909874
854 0.000350823604995249
853 0.000351399435006784
852 0.000351905424420603
851 0.000353278182901063
850 0.000353459607114051
849 0.000353923489439411
848 0.000354895364200634
847 0.000355989144401989
846 0.000356828843411016
845 0.000357097739752006
844 0.00035884382956344
843 0.000360759568764992
842 0.000361612940077875
841 0.000362969292389039
840 0.000363578567219134
839 0.000364316193805007
838 0.000364807829667043
837 0.000365154810205359
836 0.000365844755303722
835 0.000366741125454857
834 0.000367392549020827
833 0.000368491629499532
832 0.000369358359581877
831 0.000369560272127257
830 0.000370426278488414
829 0.000371293671887469
828 0.000371995677784281
827 0.000372792856273734
826 0.000372958290306665
825 0.000373515454028566
824 0.000373569878936369
823 0.000374976794414981
822 0.000376018501708699
821 0.000376029184733868
820 0.000376754135295203
819 0.000377087075145337
818 0.000377373133455954
817 0.000377607222017655
816 0.000377734904098114
815 0.000378057935123951
814 0.000378613764899947
813 0.000378799024968542
812 0.000379135686507116
811 0.000379372388116314
810 0.000380069692680061
809 0.000380785147591398
808 0.000380797724993684
807 0.000380991584351293
806 0.000381054684676086
805 0.000381226975114775
804 0.000381343905481086
803 0.000381464925653145
802 0.000382698086314641
801 0.000383346844524677
800 0.000384202231433601
799 0.000386435305575447
798 0.000387295004252284
797 0.000388804159444773
796 0.000389047644642114
795 0.000391570402988952
794 0.00039200247705409
793 0.000392367872453953
792 0.00039286309869707
791 0.000393943680412784
790 0.000394432497976321
789 0.000395867751381146
788 0.000397869270306869
787 0.00039891798913371
786 0.000399328551002634
785 0.000399425366668858
784 0.000400856627334404
783 0.000402366905955094
782 0.000402492989988892
781 0.000405533779653327
780 0.000406124647069091
779 0.000407871020195511
778 0.000407976758985309
777 0.000408732520568622
776 0.000408816192442167
775 0.000409256637998767
774 0.000409403160476653
773 0.000410696195941168
772 0.000411300864098967
771 0.00041282543070142
770 0.000413019667351923
769 0.000413474770828255
768 0.000413723201400732
767 0.000414794194818169
766 0.000415227806729163
765 0.000417695393245614
764 0.000417815277636783
763 0.000417913029833838
762 0.00041796985494951
761 0.000418047985737311
760 0.000418380242644786
759 0.000418737875735633
758 0.000420605542670149
757 0.000420651654343467
756 0.000420828543542551
755 0.000421457966081936
754 0.000421644484667559
753 0.000422427904358117
752 0.000422553686463427
751 0.000422579860147387
750 0.000422945031968265
749 0.000422948878340835
748 0.000423306599177146
747 0.000424444233236468
746 0.000425222793121095
745 0.000425668037198245
744 0.000427860657771809
743 0.000427950150461467
742 0.000428890249932608
741 0.000429765241741474
740 0.000429895686397675
739 0.000431184040865744
738 0.00043137031230545
737 0.000431526225702252
736 0.000432483721958581
735 0.000432744520787013
734 0.000433120391080277
733 0.000433939036049223
732 0.000436031816860342
731 0.000438172175760781
730 0.000438920842882377
729 0.000438940854673162
728 0.00043894118804867
727 0.00043961906296197
726 0.000440061129149619
725 0.00044114237274267
724 0.000442383789259809
723 0.000442815000195738
722 0.000443145624323515
721 0.000443736767492933
720 0.000445622499042092
719 0.000446547567775852
718 0.000447916944958817
717 0.000447931176518693
716 0.000447940758258181
715 0.000448361253052403
714 0.000451181904958681
713 0.000451569262497437
712 0.000452225569445107
711 0.000452600516273465
710 0.000452789048242389
709 0.000453965118618041
708 0.000454463082528901
707 0.000454805488298348
706 0.000456078062032166
705 0.000460499159656772
704 0.000461831354414624
703 0.000461997826592398
702 0.000463423535930994
701 0.000463938969337269
700 0.000464463117993114
699 0.000465630251163479
698 0.000465752032015203
697 0.000466616544780733
696 0.000466763428405912
695 0.000466982022956409
694 0.000468115110655722
693 0.000470405412739555
692 0.000471469376842816
691 0.00047212887046573
690 0.000472459469491283
689 0.000473951163864209
688 0.000476364182557195
687 0.000476454799252216
686 0.00047673303649509
685 0.000477826289370127
684 0.00047869322242317
683 0.000478987401006191
682 0.000479304770609884
681 0.000480134273016132
680 0.000480137786386778
679 0.000480531125386754
678 0.000481479035154667
677 0.000485654133855508
676 0.00048565673560092
675 0.00048720606965063
674 0.000489701783846859
673 0.000490810827643672
672 0.000491268642539399
671 0.000491660505276397
670 0.0004934308108429
669 0.000494968504008453
668 0.000495423602961111
667 0.000495925756299329
666 0.000496087215599248
665 0.000497895232813442
664 0.000499202775663288
663 0.000499444792332714
662 0.000500018143431271
661 0.000501548274341144
660 0.000502260720908508
659 0.00050337119315538
658 0.000504975274266066
657 0.000505320519747715
656 0.000508126568157505
655 0.000508221178819004
654 0.000509421824540401
653 0.000510963948823714
652 0.000511438304591441
651 0.000513240660842479
650 0.000514422057602557
649 0.000514748508086238
648 0.000515629356395987
647 0.000515653906118609
646 0.000516162238074524
645 0.000516167421847851
644 0.000519004100660878
643 0.000519085078544064
642 0.00052089470492075
641 0.000521805373132272
640 0.000522908799736946
639 0.000524317533690053
638 0.000528121896795135
637 0.000530197478812469
636 0.000530269587091833
635 0.000532330341666849
634 0.000533054742045291
633 0.000533126352558674
632 0.000536409560250657
631 0.00053745797095207
630 0.00053830069531071
629 0.000538861356699215
628 0.000540655906663241
627 0.000541330973535477
626 0.000541845904448022
625 0.000542419572771723
624 0.00054303641915574
623 0.000543783404165582
622 0.000546862342246958
621 0.000548501674629197
620 0.000551263329263361
619 0.000551612584113411
618 0.000551668086267423
617 0.000553033643416464
616 0.000553701545337095
615 0.000553857433803716
614 0.000554288047188456
613 0.00055437418445629
612 0.000556119747989931
611 0.000557496971199172
610 0.000558181264318896
609 0.000559694819556164
608 0.000560215117039049
607 0.000560405963207665
606 0.000561790777844056
605 0.000562302504293369
604 0.000565299557152531
603 0.000565971335049568
602 0.000568403565960864
601 0.000569180086576147
600 0.000569800907732002
599 0.000570047687549838
598 0.00057024664885832
597 0.000571804708960839
596 0.000572469282507105
595 0.000573922450320861
594 0.000574155771987851
593 0.000574268563843994
592 0.000575635047370013
591 0.000579827651718044
590 0.000580584173205042
589 0.000580868676824989
588 0.000580872741526982
587 0.000582417818061089
586 0.000584173308284517
585 0.000584392677968033
584 0.00058843348632387
583 0.000596385353516607
582 0.000598111401860269
581 0.000598204176335056
580 0.00059935740723115
579 0.000600218012966574
578 0.000600686504458544
577 0.000604500787710813
576 0.000608796275702814
575 0.000611552271663125
574 0.000614477370763348
573 0.00061526418986837
572 0.000616084040294335
571 0.000616222120578586
570 0.000616473157567319
569 0.000618001493695751
568 0.000619877158286512
567 0.000620600045539863
566 0.000621834907263535
565 0.000622927047157195
564 0.0006232349392225
563 0.000623430216477692
562 0.000629563196222623
561 0.000630361974705483
560 0.000630397767320534
559 0.00063161723494379
558 0.000631862555906175
557 0.00063306185838734
556 0.000633904345672668
555 0.000634621269917003
554 0.000634767362548829
553 0.000636900048610431
552 0.000637217083222408
551 0.000638128251495776
550 0.00063830123080316
549 0.000639432528332081
548 0.00063990157578303
547 0.000640012660656098
546 0.0006400948996
545 0.000640100219825647
544 0.000640180114647953
543 0.000641374121718839
542 0.000641712526197925
541 0.000642212515530164
540 0.000643184426969359
539 0.000644191333514894
538 0.000645197303385367
537 0.00064557267485345
536 0.000647201931122658
535 0.000648766096800391
534 0.000648946942364052
533 0.000649211015135373
532 0.000649484473192636
531 0.000650183544007451
530 0.000651270828743339
529 0.00065237284896087
528 0.000653688320128988
527 0.000655589147970109
526 0.000655935877810526
525 0.000656670246710821
524 0.000658674157827848
523 0.0006587191854293
522 0.00065875605901475
521 0.000661424723519133
520 0.000662104922158929
519 0.000662309978982099
518 0.000663401840725904
517 0.000663634393667676
516 0.00066376371279819
515 0.000666646068534515
514 0.000668096601181556
513 0.000668536538199278
512 0.000671100388071306
511 0.000671158701697109
510 0.00067363785508687
509 0.000676636919956349
508 0.000677771857537264
507 0.000678667114030539
506 0.00067989695738429
505 0.000679994428313528
504 0.000680230498828463
503 0.000682765624238847
502 0.000683754732368489
501 0.000684613703808822
500 0.000688437988070276
499 0.000689017885218749
498 0.000690592261792983
497 0.00069229028813717
496 0.000692741287373091
495 0.000694679514985566
494 0.000696100401742981
493 0.000697473615827468
492 0.000702103119718212
491 0.000703223578360887
490 0.000704945319180131
489 0.000705737168671337
488 0.000708245816217927
487 0.000708263415221096
486 0.000710033966695276
485 0.000712644846474687
484 0.000714060062222394
483 0.000716055223035345
482 0.000716769282694787
481 0.000718244724480639
480 0.000718280325241683
479 0.000720929005053909
478 0.000722349370643972
477 0.000723273797173944
476 0.000723529257281571
475 0.000723542269577626
474 0.00072404716611333
473 0.000725068953975785
472 0.000726953146060063
471 0.000727555429591
470 0.000729029403068907
469 0.000729920151046115
468 0.000730978836703206
467 0.000731902945743892
466 0.000731919653873623
465 0.000732300622270688
464 0.000732897495598506
463 0.00073397453743734
462 0.000735650760569511
461 0.00073952594185238
460 0.000740557714652933
459 0.000740801995212118
458 0.000741163793609185
457 0.000745425570931759
456 0.000747187926194553
455 0.000747891230901804
454 0.000749389777670868
453 0.000751396499222173
452 0.000752120218032838
451 0.000753055242709668
450 0.000753235067847996
449 0.000754093336065425
448 0.000754690184006312
447 0.000754778806622072
446 0.000755702555960414
445 0.000756789464874728
444 0.000759184825735208
443 0.000760892389862844
442 0.00076120358921257
441 0.000763498144620914
440 0.000764594444249769
439 0.000766103566537243
438 0.000766229460228234
437 0.000766660228815794
436 0.00076676049318367
435 0.000769261273723954
434 0.000772010544330227
433 0.000774053937965583
432 0.000775607677863006
431 0.000775652782383062
430 0.000780089575250435
429 0.000781265909446313
428 0.000786290119270033
427 0.000786789279405925
426 0.000787271726541662
425 0.000790547016634838
424 0.000791317593139397
423 0.000791330562070282
422 0.000791553350114926
421 0.000794169068639605
420 0.000794296768481626
419 0.000794445401916306
418 0.000794726527368081
417 0.00079532962811785
416 0.000795446686919667
415 0.000801857854385989
414 0.000802350035819371
413 0.000808004869018286
412 0.00080833559137983
411 0.000808406899895394
410 0.00080932175063448
409 0.000809409578675874
408 0.000809660641260844
407 0.000812045516749488
406 0.000815815997652364
405 0.000816281285181827
404 0.000816452829187569
403 0.000817262496843502
402 0.000817274954544738
401 0.000818077790859499
400 0.000819796182501312
399 0.000823576565085313
398 0.000824553129554564
397 0.000824568623939085
396 0.000826110111430385
395 0.000827070422463784
394 0.000827081196727432
393 0.000827563610463532
392 0.000827608251315545
391 0.000828501803731171
390 0.000828894386033495
389 0.000832579099063543
388 0.000832909905946835
387 0.000834758292507128
386 0.000836949807821771
385 0.000839101081532491
384 0.000839898314345082
383 0.000840639971994686
382 0.000841525684337973
381 0.000842711546360914
380 0.000842778408241914
379 0.000843712372581229
378 0.000845774502112003
377 0.000846205303723277
376 0.000846243734483542
375 0.000850256472514831
374 0.000850811933164785
373 0.000857040706752756
372 0.000857627443607345
371 0.000860763268435982
370 0.000865760898034478
369 0.000868246975453767
368 0.000870631301311651
367 0.000871316668021693
366 0.000871967776306902
365 0.000875452808320329
364 0.000879851517764472
363 0.000880334585723683
362 0.000881824416475539
361 0.000883077648550216
360 0.000886361804278668
359 0.00088759031398347
358 0.000891203773604914
357 0.000891514362760991
356 0.000894778427142437
355 0.000895413217660748
354 0.000904048667750597
353 0.000904704379768507
352 0.000906723239150193
351 0.000906904351134159
350 0.000909168108857624
349 0.000909360964943496
348 0.000914776633047516
347 0.000915908521247801
346 0.000917742011843791
345 0.000923783244868865
344 0.00092379812403936
343 0.000924112305355868
342 0.000925388505041681
341 0.000925711277454507
340 0.000926233117414529
339 0.000931548927323397
338 0.000934991427123438
337 0.000936457975579879
336 0.000940204920010142
335 0.000940905699225937
334 0.000941935426918857
333 0.00094252606737038
332 0.000942804347324176
331 0.000945937377250495
330 0.000947456448743218
329 0.000947496007929579
328 0.000953300492147268
327 0.000953610469758592
326 0.000956799805036345
325 0.000958629429404443
324 0.000961633098148319
323 0.000961895796198022
322 0.000968539242664376
321 0.000969469046228776
320 0.000972702021486708
319 0.000975497351515268
318 0.000975602287453226
317 0.000977620873358416
316 0.000978429332248158
315 0.000982432706434807
314 0.000983347087798539
313 0.000984133417790425
312 0.000984346642403125
311 0.000984553064632923
310 0.000985418898535123
309 0.000988294689659138
308 0.000989275696619103
307 0.000989603295539687
306 0.000989876976853199
305 0.000989941205266806
304 0.000990508928871726
303 0.00099284215023743
302 0.000995008880154155
301 0.000996932501179471
300 0.000997906470192544
299 0.000998600190157341
298 0.00100067144355766
297 0.00100153850451493
296 0.00100350732305125
295 0.00100428834948503
294 0.00100930845392464
293 0.00100994823462827
292 0.00101893301769001
291 0.00102250846118565
290 0.00102324562937748
289 0.00102417547893401
288 0.00103062790963274
287 0.00103133414884751
286 0.00103308558379546
285 0.00103334300844573
284 0.00103552757507492
283 0.00103747949308773
282 0.00103766893677004
281 0.00103768536255472
280 0.00103909341174655
279 0.00104564701508053
278 0.00104635416414409
277 0.00105006440844892
276 0.00105196516267443
275 0.00105288155754302
274 0.00105365157055109
273 0.00105510837445544
272 0.0010633363943955
271 0.00106350297955647
270 0.00106724681813569
269 0.00106840929181715
268 0.00106944317337707
267 0.00107658842745602
266 0.00108154268859421
265 0.00108343885344211
264 0.0010857550675415
263 0.00108596847925977
262 0.00108624599868826
261 0.0010878184102832
260 0.00108892406737681
259 0.00109638640863161
258 0.00109679924506937
257 0.00110641970999547
256 0.0011082077334831
255 0.001108545157125
254 0.00110972014509249
253 0.00111205566969662
252 0.00111262021539751
251 0.00111682058246951
250 0.00111966148751491
249 0.00112163579606391
248 0.00112793011881189
247 0.00113288584716189
246 0.00113705421271889
245 0.00114025576502333
244 0.00114118389452402
243 0.00114214308880216
242 0.00114327035075666
241 0.00114691200323308
240 0.00114905279936933
239 0.00115402938907207
238 0.00115628937274178
237 0.0011619853565321
236 0.00116501050554976
235 0.00116820693431225
234 0.00117390554432034
233 0.00117572171955874
232 0.00117624837771026
231 0.00117819110261496
230 0.00118042020494569
229 0.00118056570034811
228 0.00118062192313756
227 0.00118143065408161
226 0.00118325351154475
225 0.00118803895313894
224 0.00118906667753666
223 0.00119287147722063
222 0.00119414689914035
221 0.0011950415170896
220 0.00119753854083866
219 0.00120801213984849
218 0.00121187366647943
217 0.00121288628297876
216 0.00121437794872204
215 0.00121707507324187
214 0.00122150868609497
213 0.00122481456015814
212 0.00122659294834549
211 0.00122713578198908
210 0.00122959919388376
209 0.00123405250901509
208 0.00123411863116999
207 0.00123503493417354
206 0.00124028572204347
205 0.00124263963555607
204 0.0012429151749518
203 0.0012439257799362
202 0.00124738402687481
201 0.00124866221014628
200 0.00125016336786171
199 0.00125262521993732
198 0.00125575027972939
197 0.00126485806440216
196 0.00126753054037047
195 0.00126838697132301
194 0.00126864693578277
193 0.00127107897824759
192 0.00127415985273941
191 0.00128083931164404
190 0.00128376598501528
189 0.00128849070783752
188 0.00129105860676025
187 0.00130567021751892
186 0.00131189177812618
185 0.00131203024421394
184 0.00131253007807508
183 0.00131576335194561
182 0.00131787068374524
181 0.00132251417880252
180 0.00132450868944084
179 0.00132715935472001
178 0.00132749619309624
177 0.00132751427534663
176 0.0013291098501501
175 0.00133606110810328
174 0.00134393484420222
173 0.00134628556971512
172 0.001348364521366
171 0.00134996644101334
170 0.00135638341948613
169 0.00136080620819877
168 0.00136210393707989
167 0.00137283891569423
166 0.00137563490824245
165 0.00137579228301593
164 0.00137706146081255
163 0.00140526697378191
162 0.00140805628675138
161 0.00141938777876565
160 0.00142069929816167
159 0.00142694225685794
158 0.00142946745313738
157 0.00144783332879204
156 0.00145097972466588
155 0.00145283936665122
154 0.00145497031454593
153 0.00146112616309319
152 0.00146567265177477
151 0.0014660605339063
150 0.0014713452759495
149 0.00147824022965606
148 0.00149042806009253
147 0.00149238407308233
146 0.00151123603686996
145 0.00151319019223227
144 0.00151484016021992
143 0.00151490677130798
142 0.00152312810170792
141 0.00152408040762
140 0.00152545368705436
139 0.00152968938312086
138 0.00153008654383623
137 0.00153131751084558
136 0.00153452737476096
135 0.00155135376371298
134 0.00155244757128029
133 0.00155307207572836
132 0.00156730084767282
131 0.00156932852687919
130 0.00158318652020033
129 0.00158395314297404
128 0.00158628525949869
127 0.00160175736506191
126 0.00160823254527856
125 0.00161135442360932
124 0.00161786424501918
123 0.00162021042036254
122 0.0016203800790421
121 0.00162483491152782
120 0.00162595163280131
119 0.00162796685546212
118 0.00163747675121113
117 0.00164323238056387
116 0.0016477632217859
115 0.00164930697961384
114 0.00165422313743147
113 0.00165828345996929
112 0.00166080730664847
111 0.00166580610498242
110 0.00166618473197212
109 0.00167433278132647
108 0.00167582537671546
107 0.00167629506628295
106 0.00167720663589297
105 0.00167744978446694
104 0.00169939704384794
103 0.00170699089262675
102 0.00171423511697144
101 0.00172508572469097
100 0.00172526346577549
99 0.00173165100599051
98 0.00173179879043951
97 0.00173311205834091
96 0.00173773739851086
95 0.00173899387676837
94 0.00174256532141362
93 0.00175209292816271
92 0.00175482880501623
91 0.00176168116319684
90 0.00176497646570911
89 0.00176514909089771
88 0.00176899922498635
87 0.00177250039718898
86 0.00177565442065039
85 0.00178040367320505
84 0.00178206761932197
83 0.00178648608262676
82 0.00179642314240561
81 0.00184904196443793
80 0.00185228761101094
79 0.00185590812261342
78 0.0018611279614979
77 0.00186285884245354
76 0.00186648286598801
75 0.00186746742017179
74 0.00188090084964252
73 0.00189505681977242
72 0.00191693741321973
71 0.00193210476224205
70 0.00193618164615768
69 0.00196626701387168
68 0.00196655248029503
67 0.00197176194887995
66 0.0019810724444211
65 0.00199860190105144
64 0.00201171447096997
63 0.00202764383101062
62 0.00202866054946952
61 0.00202991008334623
60 0.00203517636526396
59 0.00203644665703516
58 0.00203692089820598
57 0.00204357584907163
56 0.00204391543271976
55 0.00206075983204897
54 0.0020634770483943
53 0.00206731662608569
52 0.00208920817649338
51 0.00209470301088795
50 0.00209784266887181
49 0.00210995608481023
48 0.00212912256055679
47 0.00213435615298439
46 0.00213622278905831
45 0.00213652312425696
44 0.0021443467678541
43 0.00215675593051353
42 0.00217146339782593
41 0.0021851521992946
40 0.00218922831434355
39 0.00218937741566215
38 0.00219990409564919
37 0.00221080082661779
36 0.0022247701259305
35 0.00223606716343112
34 0.00228665704786319
33 0.0022891664364384
32 0.0022910622498675
31 0.00237471149695561
30 0.00237671504401543
29 0.00237865161432888
28 0.00239192073963053
27 0.00241766709231322
26 0.00243661930606295
25 0.00245699798588181
24 0.00246950362470906
23 0.00251826900795545
22 0.00253051626803196
21 0.00253525849371309
20 0.00256321662247786
19 0.00256709903079586
18 0.00257248315061986
17 0.00265852985169736
16 0.0026608850824229
15 0.00266910927319623
14 0.00274196163335078
13 0.00279916384025738
12 0.0028044384658501
11 0.00284675250963222
10 0.00289766977548897
9 0.00298759234892567
8 0.00300279915884088
7 0.00304647046920649
6 0.0030778662622331
5 0.00308389529825136
4 0.0031746397370514
3 0.0032265495133763
2 0.00337950758202697
1 0.00376560525551808
