% time handles
0 0
10 0
20 0
30 1
40 2
50 3
60 4
70 5
80 6
90 6
100 6
110 6
120 6
130 6
140 6
150 6
160 6
170 6
180 6
190 6
200 6
210 6
220 6
230 7
240 8
250 9
260 10
270 11
280 12
290 12
300 12
310 12
320 12
330 12
340 12
350 12
360 12
370 12
380 12
390 12
400 12
410 12
420 12
430 12
440 12
450 12
460 12
470 12
480 12
490 12
500 12
510 12
520 12
530 12
540 12
550 12
560 12
570 12
580 12
590 12
600 12
610 12
620 12
630 12
640 12
650 12
660 12
670 12
680 12
690 12
700 12
710 12
720 12
730 12
740 12
750 11
760 11
770 11
780 11
790 10
800 11
810 11
820 12
830 11
840 12
850 12
860 11
870 12
880 11
890 12
900 11
910 12
920 12
930 12
940 12
950 12
960 12
970 12
980 12
990 12
1000 12
1010 12
1020 11
1030 10
1040 9
1050 8
1060 7
1070 7
1080 8
1090 9
1100 9
1110 9
1120 9
1130 8
1140 7
1150 6
1160 6
1170 6
1180 6
1190 6
1200 7
1210 8
1220 9
1230 10
1240 11
1250 12
1260 12
1270 12
1280 12
1290 12
1300 12
1310 12
1320 12
1330 12
1340 12
1350 12
1360 12
1370 12
1380 12
1390 12
1400 12
1410 12
1420 12
1430 12
1440 12
1450 12
1460 12
1470 12
1480 12
1490 12
1500 12
1510 12
1520 12
1530 12
1540 12
1550 12
1560 11
1570 10
1580 9
1590 8
1600 8
1610 8
1620 9
1630 9
1640 9
1650 9
1660 8
1670 7
1680 6
1690 6
1700 7
1710 7
1720 8
1730 9
1740 10
1750 11
1760 10
1770 10
1780 9
1790 8
1800 7
1810 6
1820 7
1830 7
1840 7
1850 7
1860 7
1870 7
1880 6
1890 6
1900 6
1910 6
1920 7
1930 8
1940 9
1950 10
1960 11
1970 12
1980 12
1990 12
2000 12
2010 12
2020 12
2030 12
2040 12
2050 12
2060 12
2070 12
2080 12
2090 12
2100 12
2110 12
2120 12
2130 10
2140 10
2150 8
2160 8
2170 6
2180 6
2190 7
2200 7
2210 9
2220 9
2230 11
2240 11
2250 12
2260 12
2270 12
2280 11
2290 10
2300 9
2310 8
2320 7
2330 6
2340 7
2350 8
2360 9
2370 10
2380 11
2390 12
2400 12
2410 12
2420 12
2430 12
2440 11
2450 11
2460 11
2470 10
2480 9
2490 8
2500 10
2510 9
2520 9
2530 10
2540 11
2550 12
2560 11
2570 12
2580 12
2590 11
2600 10
2610 9
2620 8
2630 7
2640 6
2650 6
2660 6
2670 6
2680 6
2690 6
2700 6
2710 6
2720 6
2730 6
2740 6
2750 6
2760 7
2770 8
2780 9
2790 10
2800 11
2810 12
2820 12
2830 12
2840 12
2850 12
2860 12
2870 12
2880 12
2890 12
2900 12
2910 12
2920 12
2930 12
2940 12
2950 12
2960 12
2970 12
2980 12
2990 12
3000 12
3010 12
3020 12
3030 12
3040 12
3050 12
3060 12
3070 12
3080 12
3090 12
3100 12
3110 12
3120 12
3130 12
3140 12
3150 12
3160 12
3170 12
3180 12
3190 12
3200 12
3210 12
3220 11
3230 11
3240 11
3250 11
3260 11
3270 11
3280 12
3290 12
3300 12
3310 12
3320 12
3330 12
3340 12
3350 11
3360 10
3370 9
3380 9
3390 9
3400 9
3410 10
3420 10
3430 10
3440 9
3450 9
3460 9
3470 8
3480 8
3490 9
3500 9
3510 7
3520 5
3530 4
3540 4
3550 3
3560 3
3570 4
3580 6
3590 8
3600 9
3610 10
3620 11
3630 12
3640 12
3650 12
3660 12
3670 12
3680 12
3690 11
3700 10
3710 9
3720 8
3730 7
3740 6
3750 6
3760 6
3770 7
3780 8
3790 9
3800 10
3810 11
3820 12
3830 12
3840 12
3850 12
3860 12
3870 12
3880 12
3890 12
3900 12
3910 12
3920 12
3930 12
3940 12
3950 12
3960 12
3970 12
3980 12
3990 12
4000 12
4010 12
4020 11
4030 11
4040 11
4050 11
4060 11
4070 11
4080 12
4090 12
4100 12
4110 12
4120 12
4130 12
4140 12
4150 12
4160 12
4170 12
4180 12
4190 12
4200 12
4210 12
4220 12
4230 12
4240 12
4250 12
4260 12
4270 12
4280 12
4290 12
4300 12
4310 12
4320 11
4330 10
4340 9
4350 8
4360 8
4370 8
4380 9
4390 10
4400 11
4410 11
4420 10
4430 9
4440 8
4450 7
4460 6
4470 7
4480 8
4490 9
4500 10
4510 11
4520 11
4530 10
4540 9
4550 9
4560 9
4570 9
4580 10
4590 11
4600 11
4610 11
4620 11
4630 11
4640 11
4650 11
4660 12
4670 12
4680 12
4690 12
4700 12
4710 12
4720 12
4730 12
4740 12
4750 12
4760 12
4770 12
4780 12
4790 12
4800 12
4810 12
4820 12
4830 12
4840 12
4850 12
4860 12
4870 12
4880 12
4890 12
4900 11
4910 10
4920 9
4930 9
4940 9
4950 9
4960 10
4970 11
4980 12
4990 12
5000 12
5010 12
5020 12
5030 11
5040 11
5050 11
5060 11
5070 11
5080 11
5090 12
5100 12
5110 12
5120 11
5130 10
5140 9
5150 8
5160 7
5170 6
5180 6
5190 7
5200 8
5210 9
5220 10
5230 11
5240 12
5250 12
5260 12
5270 12
5280 12
5290 12
5300 12
5310 12
5320 12
5330 12
5340 12
5350 12
5360 11
5370 10
5380 9
5390 8
5400 7
5410 6
5420 6
5430 6
5440 6
5450 6
5460 6
5470 6
5480 6
5490 6
5500 6
5510 7
5520 8
5530 9
5540 10
5550 11
5560 12
5570 11
5580 11
5590 11
5600 11
5610 11
5620 11
5630 12
5640 12
5650 12
5660 12
5670 12
5680 11
5690 11
5700 11
5710 10
5720 9
5730 8
5740 8
5750 7
5760 7
5770 8
5780 9
5790 10
5800 11
5810 12
5820 12
5830 12
5840 12
5850 11
5860 10
5870 9
5880 7
5890 6
5900 5
5910 5
5920 5
5930 4
5940 4
5950 4
5960 3
5970 2
5980 1
5990 1
6000 1
6010 0
6020 0
6030 0
6040 0
6050 0
6060 0
6070 0
6080 0
6090 0
6100 0
6110 0
6120 0
6130 0
6140 0
6150 0
6160 0
6170 0
6180 0
6190 0
6200 0
6210 0
6220 0
6230 0
6240 0
6250 0
6260 0
6270 0
6280 0
6290 0
6300 0
6310 0
6320 0
6330 0
6340 0
6350 0
6360 0
6370 0
6380 0
6390 0
6400 0
6410 0
6420 0
6430 0
6440 0
6450 0
6460 0
6470 0
6480 0
6490 0
6500 0
6510 0
6520 0
6530 0
6540 0
6550 0
6560 0
6570 0
6580 0
6590 0
6600 0
6610 0
6620 0
6630 0
6640 0
6650 0
6660 0
6670 0
6680 0
6690 0
6700 0
6710 0
6720 0
6730 0
6740 0
6750 0
6760 0
6770 0
6780 0
6790 0
6800 0
6810 0
6820 0
6830 0
6840 0
6850 0
6860 0
6870 0
6880 0
6890 0
6900 0
6910 0
6920 0
6930 0
6940 0
6950 0
6960 0
6970 0
6980 0
6990 0
7000 0
7010 0
7020 0
7030 0
7040 0
7050 0
7060 0
7070 0
7080 0
7090 0
7100 0
7110 0
7120 0
7130 0
7140 0
7150 0
7160 0
7170 0
7180 0
7190 0
7200 0
