% time handles
0 0
10 0
20 0
30 0
40 0
50 0
60 1
70 1
80 1
90 1
100 1
110 1
120 0
130 0
140 1
150 1
160 1
170 1
180 1
190 1
200 0
210 0
220 1
230 1
240 1
250 2
260 3
270 3
280 2
290 3
300 3
310 2
320 1
330 1
340 1
350 0
360 0
370 1
380 3
390 3
400 4
410 4
420 4
430 3
440 2
450 3
460 2
470 2
480 4
490 4
500 4
510 4
520 4
530 6
540 4
550 5
560 5
570 5
580 5
590 4
600 4
610 3
620 3
630 3
640 4
650 4
660 4
670 4
680 3
690 2
700 1
710 1
720 2
730 2
740 2
750 3
760 3
770 2
780 3
790 4
800 4
810 3
820 3
830 3
840 2
850 1
860 1
870 2
880 3
890 4
900 5
910 5
920 5
930 4
940 4
950 4
960 4
970 4
980 5
990 5
1000 4
1010 4
1020 3
1030 3
1040 2
1050 2
1060 2
1070 2
1080 2
1090 3
1100 4
1110 5
1120 5
1130 4
1140 3
1150 2
1160 1
1170 0
1180 0
1190 0
1200 0
1210 1
1220 2
1230 3
1240 4
1250 4
1260 4
1270 3
1280 2
1290 1
1300 1
1310 1
1320 1
1330 2
1340 2
1350 4
1360 3
1370 3
1380 3
1390 2
1400 2
1410 1
1420 2
1430 3
1440 4
1450 5
1460 6
1470 7
1480 6
1490 6
1500 5
1510 5
1520 5
1530 4
1540 4
1550 4
1560 4
1570 3
1580 2
1590 1
1600 1
1610 1
1620 2
1630 3
1640 3
1650 3
1660 3
1670 3
1680 3
1690 2
1700 3
1710 4
1720 5
1730 5
1740 4
1750 4
1760 3
1770 2
1780 1
1790 0
1800 1
1810 1
1820 2
1830 2
1840 2
1850 2
1860 2
1870 2
1880 2
1890 2
1900 2
1910 3
1920 3
1930 4
1940 3
1950 3
1960 3
1970 2
1980 1
1990 1
2000 2
2010 2
2020 2
2030 2
2040 3
2050 3
2060 2
2070 2
2080 2
2090 3
2100 3
2110 3
2120 4
2130 5
2140 5
2150 4
2160 3
2170 2
2180 1
2190 0
2200 1
2210 1
2220 1
2230 2
2240 2
2250 2
2260 1
2270 1
2280 2
2290 1
2300 1
2310 1
2320 1
2330 2
2340 1
2350 2
2360 3
2370 5
2380 6
2390 5
2400 5
2410 5
2420 4
2430 3
2440 3
2450 3
2460 3
2470 3
2480 3
2490 3
2500 2
2510 2
2520 3
2530 2
2540 3
2550 3
2560 4
2570 4
2580 4
2590 4
2600 4
2610 3
2620 2
2630 2
2640 1
2650 1
2660 0
2670 0
2680 0
2690 0
2700 0
2710 0
2720 0
2730 1
2740 1
2750 1
2760 1
2770 2
2780 2
2790 2
2800 3
2810 3
2820 4
2830 3
2840 3
2850 3
2860 3
2870 3
2880 3
2890 4
2900 6
2910 7
2920 8
2930 9
2940 9
2950 9
2960 7
2970 5
2980 4
2990 3
3000 2
3010 1
3020 1
3030 1
3040 0
3050 0
3060 1
3070 1
3080 1
3090 2
3100 2
3110 3
3120 2
3130 2
3140 3
3150 2
3160 2
3170 3
3180 4
3190 5
3200 5
3210 6
3220 7
3230 5
3240 4
3250 3
3260 2
3270 2
3280 1
3290 2
3300 2
3310 2
3320 2
3330 1
3340 1
3350 0
3360 0
3370 0
3380 1
3390 1
3400 3
3410 4
3420 4
3430 4
3440 4
3450 4
3460 2
3470 2
3480 2
3490 2
3500 2
3510 3
3520 3
3530 2
3540 2
3550 2
3560 1
3570 1
3580 2
3590 3
3600 5
3610 6
3620 8
3630 7
3640 6
3650 6
3660 5
3670 6
3680 5
3690 6
3700 6
3710 5
3720 4
3730 2
3740 1
3750 0
3760 0
3770 0
3780 0
3790 0
3800 0
3810 0
3820 1
3830 2
3840 3
3850 4
3860 4
3870 4
3880 3
3890 2
3900 1
3910 0
3920 0
3930 0
3940 1
3950 1
3960 2
3970 3
3980 3
3990 4
4000 4
4010 6
4020 7
4030 6
4040 7
4050 6
4060 6
4070 4
4080 3
4090 4
4100 5
4110 6
4120 6
4130 7
4140 6
4150 6
4160 4
4170 4
4180 3
4190 2
4200 3
4210 2
4220 2
4230 1
4240 1
4250 1
4260 0
4270 1
4280 2
4290 2
4300 3
4310 4
4320 5
4330 4
4340 3
4350 3
4360 3
4370 3
4380 3
4390 4
4400 5
4410 5
4420 4
4430 4
4440 3
4450 2
4460 2
4470 3
4480 4
4490 3
4500 3
4510 4
4520 3
4530 2
4540 1
4550 1
4560 1
4570 0
4580 1
4590 2
4600 3
4610 4
4620 4
4630 5
4640 5
4650 4
4660 3
4670 3
4680 3
4690 2
4700 2
4710 3
4720 4
4730 3
4740 4
4750 5
4760 5
4770 5
4780 6
4790 6
4800 5
4810 5
4820 4
4830 3
4840 1
4850 2
4860 3
4870 2
4880 3
4890 3
4900 4
4910 3
4920 3
4930 3
4940 3
4950 4
4960 3
4970 4
4980 4
4990 5
5000 5
5010 5
5020 5
5030 5
5040 5
5050 4
5060 4
5070 4
5080 5
5090 5
5100 4
5110 5
5120 5
5130 4
5140 4
5150 4
5160 5
5170 5
5180 5
5190 5
5200 4
5210 3
5220 2
5230 1
5240 0
5250 1
5260 2
5270 2
5280 2
5290 2
5300 2
5310 2
5320 2
5330 2
5340 2
5350 2
5360 4
5370 3
5380 2
5390 2
5400 3
5410 4
5420 3
5430 3
5440 3
5450 3
5460 2
5470 1
5480 0
5490 0
5500 0
5510 1
5520 3
5530 5
5540 7
5550 8
5560 9
5570 8
5580 7
5590 5
5600 4
5610 4
5620 5
5630 6
5640 5
5650 5
5660 4
5670 4
5680 3
5690 2
5700 2
5710 3
5720 3
5730 2
5740 2
5750 3
5760 4
5770 4
5780 6
5790 7
5800 6
5810 6
5820 5
5830 5
5840 5
5850 6
5860 7
5870 7
5880 8
5890 7
5900 6
5910 5
5920 5
5930 5
5940 4
5950 4
5960 4
5970 3
5980 2
5990 1
6000 1
6010 1
6020 0
6030 0
6040 0
6050 0
6060 0
6070 0
6080 0
6090 0
6100 0
6110 0
6120 0
6130 0
6140 0
6150 0
6160 0
6170 0
6180 0
6190 0
6200 0
6210 0
6220 0
6230 0
6240 0
6250 0
6260 0
6270 0
6280 0
6290 0
6300 0
6310 0
6320 0
6330 0
6340 0
6350 0
6360 0
6370 0
6380 0
6390 0
6400 0
6410 0
6420 0
6430 0
6440 0
6450 0
6460 0
6470 0
6480 0
6490 0
6500 0
6510 0
6520 0
6530 0
6540 0
6550 0
6560 0
6570 0
6580 0
6590 0
6600 0
6610 0
6620 0
6630 0
6640 0
6650 0
6660 0
6670 0
6680 0
6690 0
6700 0
6710 0
6720 0
6730 0
6740 0
6750 0
6760 0
6770 0
6780 0
6790 0
6800 0
6810 0
6820 0
6830 0
6840 0
6850 0
6860 0
6870 0
6880 0
6890 0
6900 0
6910 0
6920 0
6930 0
6940 0
6950 0
6960 0
6970 0
6980 0
6990 0
7000 0
7010 0
7020 0
7030 0
7040 0
7050 0
7060 0
7070 0
7080 0
7090 0
7100 0
7110 0
7120 0
7130 0
7140 0
7150 0
7160 0
7170 0
7180 0
7190 0
7200 0
