# sku bundlesize
1 4
2 4
3 4
4 4
5 4
6 4
7 4
8 4
9 4
10 4
11 4
12 4
13 4
14 4
15 4
16 4
17 4
18 4
19 4
20 4
21 4
22 4
23 4
24 4
25 4
26 4
27 4
28 4
29 4
30 4
31 4
32 4
33 4
34 4
35 4
36 4
37 4
38 4
39 4
40 4
41 4
42 4
43 4
44 4
45 4
46 4
47 4
48 4
49 4
50 4
51 4
52 4
53 4
54 4
55 4
56 4
57 4
58 4
59 4
60 4
61 4
62 4
63 4
64 4
65 4
66 4
67 4
68 4
69 4
70 4
71 4
72 4
73 4
74 4
75 4
76 4
77 4
78 4
79 4
80 4
81 4
82 4
83 4
84 4
85 4
86 4
87 4
88 4
89 4
90 4
91 4
92 4
93 4
94 4
95 4
96 4
97 4
98 4
99 4
100 4
101 4
102 4
103 4
104 4
105 4
106 4
107 4
108 4
109 4
110 4
111 4
112 4
113 4
114 4
115 4
116 4
117 4
118 4
119 4
120 4
121 4
122 4
123 4
124 4
125 4
126 4
127 4
128 4
129 4
130 4
131 4
132 4
133 4
134 4
135 4
136 4
137 4
138 4
139 4
140 4
141 4
142 4
143 4
144 4
145 4
146 4
147 4
148 4
149 4
150 4
151 4
152 4
153 4
154 4
155 4
156 4
157 4
158 4
159 4
160 4
161 4
162 4
163 4
164 4
165 4
166 4
167 4
168 4
169 4
170 4
171 4
172 4
173 4
174 4
175 4
176 4
177 4
178 4
179 4
180 4
181 4
182 4
183 4
184 4
185 4
186 4
187 4
188 4
189 4
190 4
191 4
192 4
193 4
194 4
195 4
196 4
197 4
198 4
199 4
200 4
201 4
202 4
203 4
204 4
205 4
206 4
207 4
208 4
209 4
210 4
211 4
212 4
213 4
214 4
215 4
216 4
217 4
218 4
219 4
220 4
221 4
222 4
223 4
224 4
225 4
226 4
227 4
228 4
229 4
230 4
231 4
232 4
233 4
234 4
235 4
236 4
237 4
238 4
239 4
240 4
241 4
242 4
243 4
244 4
245 4
246 4
247 4
248 4
249 4
250 4
251 4
252 4
253 4
254 4
255 4
256 4
257 4
258 4
259 4
260 4
261 4
262 4
263 4
264 4
265 4
266 4
267 4
268 4
269 4
270 4
271 4
272 4
273 4
274 4
275 4
276 4
277 4
278 4
279 4
280 4
281 4
282 4
283 4
284 4
285 4
286 4
287 4
288 4
289 4
290 4
291 4
292 4
293 4
294 4
295 4
296 4
297 4
298 4
299 4
300 4
301 4
302 4
303 4
304 4
305 4
306 4
307 4
308 4
309 4
310 4
311 4
312 4
313 4
314 4
315 4
316 4
317 4
318 4
319 4
320 4
321 4
322 4
323 4
324 4
325 4
326 4
327 4
328 4
329 4
330 4
331 4
332 4
333 4
334 4
335 4
336 4
337 4
338 4
339 4
340 4
341 4
342 4
343 4
344 4
345 4
346 4
347 4
348 4
349 4
350 4
351 4
352 4
353 4
354 4
355 4
356 4
357 4
358 4
359 4
360 4
361 4
362 4
363 4
364 4
365 4
366 4
367 4
368 4
369 4
370 4
371 4
372 4
373 4
374 4
375 4
376 4
377 4
378 4
379 4
380 4
381 4
382 4
383 4
384 4
385 4
386 4
387 4
388 4
389 4
390 4
391 4
392 4
393 4
394 4
395 4
396 4
397 4
398 4
399 4
400 4
401 4
402 4
403 4
404 4
405 4
406 4
407 4
408 4
409 4
410 4
411 4
412 4
413 4
414 4
415 4
416 4
417 4
418 4
419 4
420 4
421 4
422 4
423 4
424 4
425 4
426 4
427 4
428 4
429 4
430 4
431 4
432 4
433 4
434 4
435 4
436 4
437 4
438 4
439 4
440 4
441 4
442 4
443 4
444 4
445 4
446 4
447 4
448 4
449 4
450 4
451 4
452 4
453 4
454 4
455 4
456 4
457 4
458 4
459 4
460 4
461 4
462 4
463 4
464 4
465 4
466 4
467 4
468 4
469 4
470 4
471 4
472 4
473 4
474 4
475 4
476 4
477 4
478 4
479 4
480 4
481 4
482 4
483 4
484 4
485 4
486 4
487 4
488 4
489 4
490 4
491 4
492 4
493 4
494 4
495 4
496 4
497 4
498 4
499 4
500 4
501 4
502 4
503 4
504 4
505 4
506 4
507 4
508 4
509 4
510 4
511 4
512 4
513 4
514 4
515 4
516 4
517 4
518 4
519 4
520 4
521 4
522 4
523 4
524 4
525 4
526 4
527 4
528 4
529 4
530 4
531 4
532 4
533 4
534 4
535 4
536 4
537 4
538 4
539 4
540 4
541 4
542 4
543 4
544 4
545 4
546 4
547 4
548 4
549 4
550 4
551 4
552 4
553 4
554 4
555 4
556 4
557 4
558 4
559 4
560 4
561 4
562 4
563 4
564 4
565 4
566 4
567 4
568 4
569 4
570 4
571 4
572 4
573 4
574 4
575 4
576 4
577 4
578 4
579 4
580 4
581 4
582 4
583 4
584 4
585 4
586 4
587 4
588 4
589 4
590 4
591 4
592 4
593 4
594 4
595 4
596 4
597 4
598 4
599 4
600 4
601 4
602 4
603 4
604 4
605 4
606 4
607 4
608 4
609 4
610 4
611 4
612 4
613 4
614 4
615 4
616 4
617 4
618 4
619 4
620 4
621 4
622 4
623 4
624 4
625 4
626 4
627 4
628 4
629 4
630 4
631 4
632 4
633 4
634 4
635 4
636 4
637 4
638 4
639 4
640 4
641 4
642 4
643 4
644 4
645 4
646 4
647 4
648 4
649 4
650 4
651 4
652 4
653 4
654 4
655 4
656 4
657 4
658 4
659 4
660 4
661 4
662 4
663 4
664 4
665 4
666 4
667 4
668 4
669 4
670 4
671 4
672 4
673 4
674 4
675 4
676 4
677 4
678 4
679 4
680 4
681 4
682 4
683 4
684 4
685 4
686 4
687 4
688 4
689 4
690 4
691 4
692 4
693 4
694 4
695 4
696 4
697 4
698 4
699 4
700 4
701 4
702 4
703 4
704 4
705 4
706 4
707 4
708 4
709 4
710 4
711 4
712 4
713 4
714 4
715 4
716 4
717 4
718 4
719 4
720 4
721 4
722 4
723 4
724 4
725 4
726 4
727 4
728 4
729 4
730 4
731 4
732 4
733 4
734 4
735 4
736 4
737 4
738 4
739 4
740 4
741 4
742 4
743 4
744 4
745 4
746 4
747 4
748 4
749 4
750 4
751 4
752 4
753 4
754 4
755 4
756 4
757 4
758 4
759 4
760 4
761 4
762 4
763 4
764 4
765 4
766 4
767 4
768 4
769 4
770 4
771 4
772 4
773 4
774 4
775 4
776 4
777 4
778 4
779 4
780 4
781 4
782 4
783 4
784 4
785 4
786 4
787 4
788 4
789 4
790 4
791 4
792 4
793 4
794 4
795 4
796 4
797 4
798 4
799 4
800 4
801 4
802 4
803 4
804 4
805 4
806 4
807 4
808 4
809 4
810 4
811 4
812 4
813 4
814 4
815 4
816 4
817 4
818 4
819 4
820 4
821 4
822 4
823 4
824 4
825 4
826 4
827 4
828 4
829 4
830 4
831 4
832 4
833 4
834 4
835 4
836 4
837 4
838 4
839 4
840 4
841 4
842 4
843 4
844 4
845 4
846 4
847 4
848 4
849 4
850 4
851 4
852 4
853 4
854 4
855 4
856 4
857 4
858 4
859 4
860 4
861 4
862 4
863 4
864 4
865 4
866 4
867 4
868 4
869 4
870 4
871 4
872 4
873 4
874 4
875 4
876 4
877 4
878 4
879 4
880 4
881 4
882 4
883 4
884 4
885 4
886 4
887 4
888 4
889 4
890 4
891 4
892 4
893 4
894 4
895 4
896 4
897 4
898 4
899 4
900 4
901 4
902 4
903 4
904 4
905 4
906 4
907 4
908 4
909 4
910 4
911 4
912 4
913 4
914 4
915 4
916 4
917 4
918 4
919 4
920 4
921 4
922 4
923 4
924 4
925 4
926 4
927 4
928 4
929 4
930 4
931 4
932 4
933 4
934 4
935 4
936 4
937 4
938 4
939 4
940 4
941 4
942 4
943 4
944 4
945 4
946 4
947 4
948 4
949 4
950 4
951 4
952 4
953 4
954 4
955 4
956 4
957 4
958 4
959 4
960 4
961 4
962 4
963 4
964 4
965 4
966 4
967 4
968 4
969 4
970 4
971 4
972 4
973 4
974 4
975 4
976 4
977 4
978 4
979 4
980 4
981 4
982 4
983 4
984 4
985 4
986 4
987 4
988 4
989 4
990 4
991 4
992 4
993 4
994 4
995 4
996 4
997 4
998 4
999 4
1000 4
1001 4
1002 4
1003 4
1004 4
1005 4
1006 4
1007 4
1008 4
1009 4
1010 4
1011 4
1012 4
1013 4
1014 4
1015 4
1016 4
1017 4
1018 4
1019 4
1020 4
1021 4
1022 4
1023 4
1024 4
1025 4
1026 4
1027 4
1028 4
1029 4
1030 4
1031 4
1032 4
1033 4
1034 4
1035 4
1036 4
1037 4
1038 4
1039 4
1040 4
1041 4
1042 4
1043 4
1044 4
1045 4
1046 4
1047 4
1048 4
1049 4
1050 4
1051 4
1052 4
1053 4
1054 4
1055 4
1056 4
1057 4
1058 4
1059 4
1060 4
1061 4
1062 4
1063 4
1064 4
1065 4
1066 4
1067 4
1068 4
1069 4
1070 4
1071 4
1072 4
1073 4
1074 4
1075 4
1076 4
1077 4
1078 4
1079 4
1080 4
1081 4
1082 4
1083 4
1084 4
1085 4
1086 4
1087 4
1088 4
1089 4
1090 4
1091 4
1092 4
1093 4
1094 4
1095 4
1096 4
1097 4
1098 4
1099 4
1100 4
1101 4
1102 4
1103 4
1104 4
1105 4
1106 4
1107 4
1108 4
1109 4
1110 4
1111 4
1112 4
1113 4
1114 4
1115 4
1116 4
1117 5
1118 5
1119 5
1120 5
1121 5
1122 5
1123 5
1124 5
1125 5
1126 5
1127 5
1128 5
1129 5
1130 5
1131 5
1132 5
1133 5
1134 5
1135 5
1136 5
1137 5
1138 5
1139 5
1140 5
1141 5
1142 5
1143 5
1144 5
1145 5
1146 5
1147 5
1148 5
1149 5
1150 5
1151 5
1152 5
1153 5
1154 5
1155 5
1156 5
1157 5
1158 5
1159 5
1160 5
1161 5
1162 5
1163 5
1164 5
1165 5
1166 5
1167 5
1168 5
1169 5
1170 5
1171 5
1172 5
1173 5
1174 5
1175 5
1176 5
1177 5
1178 5
1179 5
1180 5
1181 5
1182 5
1183 5
1184 5
1185 5
1186 5
1187 5
1188 5
1189 5
1190 5
1191 5
1192 5
1193 5
1194 5
1195 5
1196 5
1197 5
1198 5
1199 5
1200 5
1201 5
1202 5
1203 5
1204 5
1205 5
1206 5
1207 5
1208 5
1209 5
1210 5
1211 5
1212 5
1213 5
1214 5
1215 5
1216 5
1217 5
1218 5
1219 5
1220 5
1221 5
1222 5
1223 5
1224 5
1225 5
1226 5
1227 5
1228 5
1229 5
1230 5
1231 5
1232 5
1233 5
1234 5
1235 5
1236 5
1237 5
1238 5
1239 5
1240 5
1241 5
1242 5
1243 5
1244 5
1245 5
1246 5
1247 5
1248 5
1249 5
1250 5
1251 5
1252 5
1253 5
1254 5
1255 5
1256 5
1257 5
1258 5
1259 5
1260 5
1261 5
1262 5
1263 5
1264 5
1265 5
1266 5
1267 5
1268 5
1269 5
1270 5
1271 5
1272 5
1273 5
1274 5
1275 5
1276 5
1277 5
1278 5
1279 5
1280 5
1281 5
1282 5
1283 5
1284 5
1285 5
1286 5
1287 5
1288 5
1289 5
1290 5
1291 5
1292 5
1293 5
1294 5
1295 5
1296 5
1297 5
1298 5
1299 5
1300 5
1301 5
1302 5
1303 5
1304 5
1305 5
1306 5
1307 5
1308 5
1309 5
1310 5
1311 5
1312 5
1313 5
1314 5
1315 5
1316 5
1317 5
1318 5
1319 5
1320 5
1321 5
1322 5
1323 5
1324 5
1325 5
1326 5
1327 5
1328 5
1329 5
1330 5
1331 5
1332 5
1333 5
1334 5
1335 5
1336 5
1337 5
1338 5
1339 5
1340 5
1341 5
1342 5
1343 5
1344 5
1345 5
1346 5
1347 5
1348 5
1349 5
1350 5
1351 5
1352 5
1353 5
1354 5
1355 5
1356 5
1357 5
1358 5
1359 5
1360 5
1361 5
1362 5
1363 5
1364 5
1365 5
1366 5
1367 5
1368 5
1369 5
1370 5
1371 5
1372 5
1373 5
1374 5
1375 5
1376 5
1377 5
1378 5
1379 5
1380 5
1381 5
1382 5
1383 5
1384 5
1385 5
1386 5
1387 5
1388 5
1389 5
1390 5
1391 5
1392 5
1393 5
1394 5
1395 5
1396 5
1397 5
1398 5
1399 5
1400 5
1401 5
1402 5
1403 5
1404 5
1405 5
1406 5
1407 5
1408 5
1409 5
1410 5
1411 5
1412 5
1413 5
1414 5
1415 5
1416 5
1417 5
1418 5
1419 5
1420 5
1421 5
1422 5
1423 5
1424 5
1425 5
1426 5
1427 5
1428 5
1429 5
1430 5
1431 5
1432 5
1433 5
1434 5
1435 5
1436 5
1437 5
1438 5
1439 5
1440 5
1441 5
1442 5
1443 5
1444 5
1445 5
1446 5
1447 5
1448 5
1449 5
1450 5
1451 5
1452 5
1453 5
1454 5
1455 5
1456 5
1457 5
1458 5
1459 5
1460 5
1461 5
1462 5
1463 5
1464 5
1465 5
1466 5
1467 5
1468 5
1469 5
1470 5
1471 5
1472 5
1473 5
1474 5
1475 5
1476 5
1477 5
1478 5
1479 5
1480 5
1481 5
1482 5
1483 5
1484 5
1485 5
1486 5
1487 5
1488 5
1489 5
1490 5
1491 5
1492 5
1493 5
1494 5
1495 5
1496 5
1497 5
1498 5
1499 5
1500 5
1501 5
1502 5
1503 5
1504 5
1505 5
1506 5
1507 5
1508 5
1509 5
1510 5
1511 5
1512 5
1513 5
1514 5
1515 5
1516 5
1517 5
1518 5
1519 5
1520 5
1521 5
1522 5
1523 5
1524 5
1525 5
1526 5
1527 5
1528 5
1529 5
1530 5
1531 5
1532 5
1533 5
1534 5
1535 5
1536 5
1537 5
1538 5
1539 5
1540 5
1541 5
1542 5
1543 5
1544 5
1545 5
1546 5
1547 5
1548 5
1549 5
1550 5
1551 5
1552 5
1553 5
1554 5
1555 5
1556 5
1557 5
1558 5
1559 5
1560 5
1561 5
1562 5
1563 5
1564 5
1565 5
1566 5
1567 5
1568 5
1569 5
1570 5
1571 5
1572 5
1573 5
1574 5
1575 5
1576 5
1577 5
1578 5
1579 5
1580 5
1581 5
1582 5
1583 5
1584 5
1585 5
1586 5
1587 5
1588 5
1589 5
1590 5
1591 5
1592 5
1593 5
1594 5
1595 5
1596 5
1597 5
1598 5
1599 5
1600 5
1601 5
1602 5
1603 5
1604 5
1605 5
1606 5
1607 5
1608 5
1609 5
1610 5
1611 5
1612 5
1613 5
1614 5
1615 5
1616 5
1617 5
1618 5
1619 5
1620 5
1621 5
1622 5
1623 5
1624 5
1625 5
1626 5
1627 5
1628 5
1629 5
1630 5
1631 5
1632 5
1633 5
1634 5
1635 5
1636 5
1637 5
1638 5
1639 5
1640 5
1641 5
1642 5
1643 5
1644 5
1645 5
1646 5
1647 5
1648 5
1649 5
1650 5
1651 5
1652 5
1653 5
1654 5
1655 5
1656 5
1657 5
1658 5
1659 5
1660 5
1661 5
1662 5
1663 5
1664 5
1665 5
1666 5
1667 5
1668 5
1669 5
1670 5
1671 5
1672 5
1673 5
1674 5
1675 5
1676 5
1677 5
1678 5
1679 5
1680 5
1681 5
1682 5
1683 5
1684 5
1685 5
1686 5
1687 5
1688 5
1689 5
1690 5
1691 5
1692 5
1693 5
1694 5
1695 5
1696 5
1697 5
1698 5
1699 5
1700 5
1701 5
1702 5
1703 5
1704 5
1705 5
1706 5
1707 5
1708 5
1709 5
1710 5
1711 5
1712 5
1713 5
1714 5
1715 5
1716 5
1717 5
1718 5
1719 5
1720 5
1721 5
1722 5
1723 5
1724 5
1725 5
1726 5
1727 5
1728 5
1729 5
1730 5
1731 5
1732 5
1733 5
1734 5
1735 5
1736 5
1737 5
1738 5
1739 5
1740 5
1741 5
1742 5
1743 5
1744 5
1745 5
1746 5
1747 5
1748 5
1749 5
1750 5
1751 5
1752 5
1753 5
1754 5
1755 5
1756 5
1757 5
1758 5
1759 5
1760 5
1761 5
1762 5
1763 5
1764 5
1765 5
1766 5
1767 5
1768 5
1769 5
1770 5
1771 5
1772 5
1773 5
1774 5
1775 5
1776 5
1777 5
1778 5
1779 5
1780 5
1781 5
1782 5
1783 5
1784 5
1785 5
1786 5
1787 5
1788 5
1789 5
1790 5
1791 5
1792 5
1793 5
1794 5
1795 5
1796 5
1797 5
1798 5
1799 5
1800 5
1801 5
1802 5
1803 5
1804 5
1805 5
1806 5
1807 5
1808 5
1809 5
1810 5
1811 5
1812 5
1813 5
1814 5
1815 5
1816 5
1817 5
1818 5
1819 5
1820 5
1821 5
1822 5
1823 5
1824 5
1825 5
1826 5
1827 5
1828 5
1829 5
1830 5
1831 5
1832 5
1833 5
1834 5
1835 5
1836 5
1837 5
1838 5
1839 5
1840 5
1841 5
1842 5
1843 5
1844 5
1845 5
1846 5
1847 5
1848 5
1849 5
1850 5
1851 5
1852 5
1853 5
1854 5
1855 5
1856 5
1857 5
1858 5
1859 5
1860 5
1861 5
1862 5
1863 5
1864 5
1865 5
1866 5
1867 5
1868 5
1869 5
1870 5
1871 5
1872 5
1873 5
1874 5
1875 5
1876 5
1877 5
1878 5
1879 5
1880 5
1881 5
1882 5
1883 5
1884 5
1885 5
1886 5
1887 5
1888 5
1889 5
1890 5
1891 5
1892 5
1893 5
1894 5
1895 5
1896 5
1897 5
1898 5
1899 5
1900 5
1901 5
1902 5
1903 5
1904 5
1905 5
1906 5
1907 5
1908 5
1909 5
1910 5
1911 5
1912 5
1913 5
1914 5
1915 5
1916 5
1917 5
1918 5
1919 5
1920 5
1921 5
1922 5
1923 5
1924 5
1925 5
1926 5
1927 5
1928 5
1929 5
1930 5
1931 5
1932 5
1933 5
1934 5
1935 5
1936 5
1937 5
1938 5
1939 5
1940 5
1941 5
1942 5
1943 5
1944 5
1945 5
1946 5
1947 5
1948 5
1949 5
1950 5
1951 5
1952 5
1953 5
1954 5
1955 5
1956 5
1957 5
1958 5
1959 5
1960 5
1961 5
1962 5
1963 5
1964 5
1965 5
1966 5
1967 5
1968 5
1969 5
1970 5
1971 5
1972 5
1973 5
1974 5
1975 5
1976 5
1977 5
1978 5
1979 5
1980 5
1981 5
1982 5
1983 5
1984 5
1985 5
1986 5
1987 5
1988 5
1989 5
1990 5
1991 5
1992 5
1993 5
1994 5
1995 5
1996 5
1997 5
1998 5
1999 5
2000 5
2001 5
2002 5
2003 5
2004 5
2005 5
2006 5
2007 5
2008 5
2009 5
2010 5
2011 5
2012 5
2013 5
2014 5
2015 5
2016 5
2017 5
2018 5
2019 5
2020 5
2021 5
2022 5
2023 5
2024 5
2025 5
2026 5
2027 5
2028 5
2029 5
2030 5
2031 5
2032 5
2033 5
2034 5
2035 5
2036 5
2037 5
2038 5
2039 5
2040 5
2041 5
2042 5
2043 5
2044 5
2045 5
2046 5
2047 5
2048 5
2049 5
2050 5
2051 5
2052 5
2053 5
2054 5
2055 5
2056 5
2057 5
2058 5
2059 5
2060 5
2061 5
2062 5
2063 5
2064 5
2065 5
2066 5
2067 5
2068 5
2069 5
2070 5
2071 5
2072 5
2073 5
2074 5
2075 5
2076 5
2077 5
2078 5
2079 5
2080 5
2081 5
2082 5
2083 5
2084 5
2085 5
2086 5
2087 5
2088 5
2089 5
2090 5
2091 5
2092 5
2093 5
2094 5
2095 5
2096 5
2097 5
2098 5
2099 5
2100 5
2101 5
2102 5
2103 5
2104 5
2105 5
2106 5
2107 5
2108 5
2109 5
2110 5
2111 5
2112 5
2113 5
2114 5
2115 5
2116 5
2117 5
2118 5
2119 5
2120 5
2121 5
2122 5
2123 5
2124 5
2125 5
2126 5
2127 5
2128 5
2129 5
2130 5
2131 5
2132 5
2133 5
2134 5
2135 5
2136 5
2137 5
2138 5
2139 5
2140 5
2141 5
2142 5
2143 5
2144 5
2145 5
2146 5
2147 5
2148 5
2149 5
2150 5
2151 5
2152 5
2153 5
2154 5
2155 5
2156 5
2157 5
2158 5
2159 5
2160 5
2161 5
2162 5
2163 5
2164 5
2165 5
2166 5
2167 5
2168 5
2169 5
2170 5
2171 5
2172 5
2173 5
2174 5
2175 5
2176 5
2177 5
2178 5
2179 5
2180 5
2181 5
2182 5
2183 5
2184 5
2185 5
2186 5
2187 5
2188 5
2189 5
2190 5
2191 5
2192 5
2193 5
2194 5
2195 5
2196 5
2197 5
2198 5
2199 5
2200 5
2201 5
2202 5
2203 5
2204 5
2205 5
2206 5
2207 5
2208 5
2209 5
2210 5
2211 5
2212 5
2213 5
2214 5
2215 5
2216 5
2217 5
2218 5
2219 5
2220 5
2221 5
2222 5
2223 5
2224 5
2225 5
2226 5
2227 5
2228 5
2229 5
2230 5
2231 5
2232 5
2233 5
2234 5
2235 5
2236 6
2237 6
2238 6
2239 6
2240 6
2241 6
2242 6
2243 6
2244 6
2245 6
2246 6
2247 6
2248 6
2249 6
2250 6
2251 6
2252 6
2253 6
2254 6
2255 6
2256 6
2257 6
2258 6
2259 6
2260 6
2261 6
2262 6
2263 6
2264 6
2265 6
2266 6
2267 6
2268 6
2269 6
2270 6
2271 6
2272 6
2273 6
2274 6
2275 6
2276 6
2277 6
2278 6
2279 6
2280 6
2281 6
2282 6
2283 6
2284 6
2285 6
2286 6
2287 6
2288 6
2289 6
2290 6
2291 6
2292 6
2293 6
2294 6
2295 6
2296 6
2297 6
2298 6
2299 6
2300 6
2301 6
2302 6
2303 6
2304 6
2305 6
2306 6
2307 6
2308 6
2309 6
2310 6
2311 6
2312 6
2313 6
2314 6
2315 6
2316 6
2317 6
2318 6
2319 6
2320 6
2321 6
2322 6
2323 6
2324 6
2325 6
2326 6
2327 6
2328 6
2329 6
2330 6
2331 6
2332 6
2333 6
2334 6
2335 6
2336 6
2337 6
2338 6
2339 6
2340 6
2341 6
2342 6
2343 6
2344 6
2345 6
2346 6
2347 6
2348 6
2349 6
2350 6
2351 6
2352 6
2353 6
2354 6
2355 6
2356 6
2357 6
2358 6
2359 6
2360 6
2361 6
2362 6
2363 6
2364 6
2365 6
2366 6
2367 6
2368 6
2369 6
2370 6
2371 6
2372 6
2373 6
2374 6
2375 6
2376 6
2377 6
2378 6
2379 6
2380 6
2381 6
2382 6
2383 6
2384 6
2385 6
2386 6
2387 6
2388 6
2389 6
2390 6
2391 6
2392 6
2393 6
2394 6
2395 6
2396 6
2397 6
2398 6
2399 6
2400 6
2401 6
2402 6
2403 6
2404 6
2405 6
2406 6
2407 6
2408 6
2409 6
2410 6
2411 6
2412 6
2413 6
2414 6
2415 6
2416 6
2417 6
2418 6
2419 6
2420 6
2421 6
2422 6
2423 6
2424 6
2425 6
2426 6
2427 6
2428 6
2429 6
2430 6
2431 6
2432 6
2433 6
2434 6
2435 6
2436 6
2437 6
2438 6
2439 6
2440 6
2441 6
2442 6
2443 6
2444 6
2445 6
2446 6
2447 6
2448 6
2449 6
2450 6
2451 6
2452 6
2453 6
2454 6
2455 6
2456 6
2457 6
2458 6
2459 6
2460 6
2461 6
2462 6
2463 6
2464 6
2465 6
2466 6
2467 6
2468 6
2469 6
2470 6
2471 6
2472 6
2473 6
2474 6
2475 6
2476 6
2477 6
2478 6
2479 6
2480 6
2481 6
2482 6
2483 6
2484 6
2485 6
2486 6
2487 6
2488 6
2489 6
2490 6
2491 6
2492 6
2493 6
2494 6
2495 6
2496 6
2497 6
2498 6
2499 6
2500 6
2501 6
2502 6
2503 6
2504 6
2505 6
2506 6
2507 6
2508 6
2509 6
2510 6
2511 6
2512 6
2513 6
2514 6
2515 6
2516 6
2517 6
2518 6
2519 6
2520 6
2521 6
2522 6
2523 6
2524 6
2525 6
2526 6
2527 6
2528 6
2529 6
2530 6
2531 6
2532 6
2533 6
2534 6
2535 6
2536 6
2537 6
2538 6
2539 6
2540 6
2541 6
2542 6
2543 6
2544 6
2545 6
2546 6
2547 6
2548 6
2549 6
2550 6
2551 6
2552 6
2553 6
2554 6
2555 6
2556 6
2557 6
2558 6
2559 6
2560 6
2561 6
2562 6
2563 6
2564 6
2565 6
2566 6
2567 6
2568 6
2569 6
2570 6
2571 6
2572 6
2573 6
2574 6
2575 6
2576 6
2577 6
2578 6
2579 6
2580 6
2581 6
2582 6
2583 6
2584 6
2585 6
2586 6
2587 6
2588 6
2589 6
2590 6
2591 6
2592 6
2593 6
2594 6
2595 6
2596 6
2597 6
2598 6
2599 6
2600 6
2601 6
2602 6
2603 6
2604 6
2605 6
2606 6
2607 6
2608 6
2609 6
2610 6
2611 6
2612 6
2613 6
2614 6
2615 6
2616 6
2617 6
2618 6
2619 6
2620 6
2621 6
2622 6
2623 6
2624 6
2625 6
2626 6
2627 6
2628 6
2629 6
2630 6
2631 6
2632 6
2633 6
2634 6
2635 6
2636 6
2637 6
2638 6
2639 6
2640 6
2641 6
2642 6
2643 6
2644 6
2645 6
2646 6
2647 6
2648 6
2649 6
2650 6
2651 6
2652 6
2653 6
2654 6
2655 6
2656 6
2657 6
2658 6
2659 6
2660 6
2661 6
2662 6
2663 6
2664 6
2665 6
2666 6
2667 6
2668 6
2669 6
2670 6
2671 6
2672 6
2673 6
2674 6
2675 6
2676 6
2677 6
2678 6
2679 6
2680 6
2681 6
2682 6
2683 6
2684 6
2685 6
2686 6
2687 6
2688 6
2689 6
2690 6
2691 6
2692 6
2693 6
2694 6
2695 6
2696 6
2697 6
2698 6
2699 6
2700 6
2701 6
2702 6
2703 6
2704 6
2705 6
2706 6
2707 6
2708 6
2709 6
2710 6
2711 6
2712 6
2713 6
2714 6
2715 6
2716 6
2717 6
2718 6
2719 6
2720 6
2721 6
2722 6
2723 6
2724 6
2725 6
2726 6
2727 6
2728 6
2729 6
2730 6
2731 6
2732 6
2733 6
2734 6
2735 6
2736 6
2737 6
2738 6
2739 6
2740 6
2741 6
2742 6
2743 6
2744 6
2745 6
2746 6
2747 6
2748 6
2749 6
2750 6
2751 6
2752 6
2753 6
2754 6
2755 6
2756 6
2757 6
2758 6
2759 6
2760 6
2761 6
2762 6
2763 6
2764 6
2765 6
2766 6
2767 6
2768 6
2769 6
2770 6
2771 6
2772 6
2773 6
2774 6
2775 6
2776 6
2777 6
2778 6
2779 6
2780 6
2781 6
2782 6
2783 6
2784 6
2785 6
2786 6
2787 6
2788 6
2789 6
2790 6
2791 6
2792 6
2793 6
2794 6
2795 6
2796 6
2797 6
2798 6
2799 6
2800 6
2801 6
2802 6
2803 6
2804 6
2805 6
2806 6
2807 6
2808 6
2809 6
2810 6
2811 6
2812 6
2813 6
2814 6
2815 6
2816 6
2817 6
2818 6
2819 6
2820 6
2821 6
2822 6
2823 6
2824 6
2825 6
2826 6
2827 6
2828 6
2829 6
2830 6
2831 6
2832 6
2833 6
2834 6
2835 6
2836 6
2837 6
2838 6
2839 6
2840 6
2841 6
2842 6
2843 6
2844 6
2845 6
2846 6
2847 6
2848 6
2849 6
2850 6
2851 6
2852 6
2853 6
2854 6
2855 6
2856 6
2857 6
2858 6
2859 6
2860 6
2861 6
2862 6
2863 6
2864 6
2865 6
2866 6
2867 6
2868 6
2869 6
2870 6
2871 6
2872 6
2873 6
2874 6
2875 6
2876 6
2877 6
2878 6
2879 6
2880 6
2881 6
2882 6
2883 6
2884 6
2885 6
2886 6
2887 6
2888 6
2889 6
2890 6
2891 6
2892 6
2893 6
2894 6
2895 6
2896 6
2897 6
2898 6
2899 6
2900 6
2901 6
2902 6
2903 6
2904 6
2905 6
2906 6
2907 6
2908 6
2909 6
2910 6
2911 6
2912 6
2913 6
2914 6
2915 6
2916 6
2917 6
2918 6
2919 6
2920 6
2921 6
2922 6
2923 6
2924 6
2925 6
2926 6
2927 6
2928 6
2929 6
2930 6
2931 6
2932 6
2933 6
2934 6
2935 6
2936 6
2937 6
2938 6
2939 6
2940 6
2941 6
2942 6
2943 6
2944 6
2945 6
2946 6
2947 6
2948 6
2949 6
2950 6
2951 6
2952 6
2953 6
2954 6
2955 6
2956 6
2957 6
2958 6
2959 6
2960 6
2961 6
2962 6
2963 6
2964 6
2965 6
2966 6
2967 6
2968 6
2969 6
2970 6
2971 6
2972 6
2973 6
2974 6
2975 6
2976 6
2977 6
2978 6
2979 6
2980 6
2981 6
2982 6
2983 6
2984 6
2985 6
2986 6
2987 6
2988 6
2989 6
2990 6
2991 6
2992 6
2993 6
2994 6
2995 6
2996 6
2997 6
2998 6
2999 6
3000 6
3001 6
3002 6
3003 6
3004 6
3005 6
3006 6
3007 6
3008 6
3009 6
3010 6
3011 6
3012 6
3013 6
3014 6
3015 6
3016 6
3017 6
3018 6
3019 6
3020 6
3021 6
3022 6
3023 6
3024 6
3025 6
3026 6
3027 6
3028 6
3029 6
3030 6
3031 6
3032 6
3033 6
3034 6
3035 6
3036 6
3037 6
3038 6
3039 6
3040 6
3041 6
3042 6
3043 6
3044 6
3045 6
3046 6
3047 6
3048 6
3049 6
3050 6
3051 6
3052 6
3053 6
3054 6
3055 6
3056 6
3057 6
3058 6
3059 6
3060 6
3061 6
3062 6
3063 6
3064 6
3065 6
3066 6
3067 6
3068 6
3069 6
3070 6
3071 6
3072 6
3073 6
3074 6
3075 6
3076 6
3077 6
3078 6
3079 6
3080 6
3081 6
3082 6
3083 6
3084 6
3085 6
3086 6
3087 6
3088 6
3089 6
3090 6
3091 6
3092 6
3093 6
3094 6
3095 6
3096 6
3097 6
3098 6
3099 6
3100 6
3101 6
3102 6
3103 6
3104 6
3105 6
3106 6
3107 6
3108 6
3109 6
3110 6
3111 6
3112 6
3113 6
3114 6
3115 6
3116 6
3117 6
3118 6
3119 6
3120 6
3121 6
3122 6
3123 6
3124 6
3125 6
3126 6
3127 6
3128 6
3129 6
3130 6
3131 6
3132 6
3133 6
3134 6
3135 6
3136 6
3137 6
3138 6
3139 6
3140 6
3141 6
3142 6
3143 6
3144 6
3145 6
3146 6
3147 6
3148 6
3149 6
3150 6
3151 6
3152 6
3153 6
3154 6
3155 6
3156 6
3157 6
3158 6
3159 6
3160 6
3161 6
3162 6
3163 6
3164 6
3165 6
3166 6
3167 6
3168 6
3169 6
3170 6
3171 6
3172 6
3173 6
3174 6
3175 6
3176 6
3177 6
3178 6
3179 6
3180 6
3181 6
3182 6
3183 6
3184 6
3185 6
3186 6
3187 6
3188 6
3189 6
3190 6
3191 6
3192 6
3193 6
3194 6
3195 6
3196 6
3197 6
3198 6
3199 6
3200 6
3201 6
3202 6
3203 6
3204 6
3205 6
3206 6
3207 6
3208 6
3209 6
3210 6
3211 6
3212 6
3213 6
3214 6
3215 6
3216 6
3217 6
3218 6
3219 6
3220 6
3221 6
3222 6
3223 6
3224 6
3225 6
3226 6
3227 6
3228 6
3229 6
3230 6
3231 6
3232 6
3233 6
3234 6
3235 6
3236 6
3237 6
3238 6
3239 6
3240 6
3241 6
3242 6
3243 6
3244 6
3245 6
3246 6
3247 6
3248 6
3249 6
3250 6
3251 6
3252 6
3253 6
3254 6
3255 6
3256 6
3257 6
3258 6
3259 6
3260 6
3261 6
3262 6
3263 6
3264 6
3265 6
3266 6
3267 6
3268 6
3269 6
3270 6
3271 6
3272 6
3273 6
3274 6
3275 6
3276 6
3277 6
3278 6
3279 6
3280 6
3281 6
3282 6
3283 6
3284 6
3285 6
3286 6
3287 6
3288 6
3289 6
3290 6
3291 6
3292 6
3293 6
3294 6
3295 6
3296 6
3297 6
3298 6
3299 6
3300 6
3301 6
3302 6
3303 6
3304 6
3305 6
3306 6
3307 6
3308 6
3309 6
3310 6
3311 6
3312 6
3313 6
3314 6
3315 6
3316 6
3317 6
3318 6
3319 6
3320 6
3321 6
3322 6
3323 6
3324 6
3325 6
3326 6
3327 6
3328 6
3329 6
3330 6
3331 6
3332 6
3333 6
3334 6
3335 6
3336 6
3337 6
3338 6
3339 6
3340 6
3341 6
3342 6
3343 6
3344 6
3345 6
3346 6
3347 6
3348 6
3349 6
3350 6
3351 6
3352 6
3353 6
3354 6
3355 6
3356 6
3357 6
3358 6
3359 6
3360 6
3361 6
3362 6
3363 6
3364 6
3365 6
3366 6
3367 6
3368 6
3369 6
3370 6
3371 6
3372 7
3373 7
3374 7
3375 7
3376 7
3377 7
3378 7
3379 7
3380 7
3381 7
3382 7
3383 7
3384 7
3385 7
3386 7
3387 7
3388 7
3389 7
3390 7
3391 7
3392 7
3393 7
3394 7
3395 7
3396 7
3397 7
3398 7
3399 7
3400 7
3401 7
3402 7
3403 7
3404 7
3405 7
3406 7
3407 7
3408 7
3409 7
3410 7
3411 7
3412 7
3413 7
3414 7
3415 7
3416 7
3417 7
3418 7
3419 7
3420 7
3421 7
3422 7
3423 7
3424 7
3425 7
3426 7
3427 7
3428 7
3429 7
3430 7
3431 7
3432 7
3433 7
3434 7
3435 7
3436 7
3437 7
3438 7
3439 7
3440 7
3441 7
3442 7
3443 7
3444 7
3445 7
3446 7
3447 7
3448 7
3449 7
3450 7
3451 7
3452 7
3453 7
3454 7
3455 7
3456 7
3457 7
3458 7
3459 7
3460 7
3461 7
3462 7
3463 7
3464 7
3465 7
3466 7
3467 7
3468 7
3469 7
3470 7
3471 7
3472 7
3473 7
3474 7
3475 7
3476 7
3477 7
3478 7
3479 7
3480 7
3481 7
3482 7
3483 7
3484 7
3485 7
3486 7
3487 7
3488 7
3489 7
3490 7
3491 7
3492 7
3493 7
3494 7
3495 7
3496 7
3497 7
3498 7
3499 7
3500 7
3501 7
3502 7
3503 7
3504 7
3505 7
3506 7
3507 7
3508 7
3509 7
3510 7
3511 7
3512 7
3513 7
3514 7
3515 7
3516 7
3517 7
3518 7
3519 7
3520 7
3521 7
3522 7
3523 7
3524 7
3525 7
3526 7
3527 7
3528 7
3529 7
3530 7
3531 7
3532 7
3533 7
3534 7
3535 7
3536 7
3537 7
3538 7
3539 7
3540 7
3541 7
3542 7
3543 7
3544 7
3545 7
3546 7
3547 7
3548 7
3549 7
3550 7
3551 7
3552 7
3553 7
3554 7
3555 7
3556 7
3557 7
3558 7
3559 7
3560 7
3561 7
3562 7
3563 7
3564 7
3565 7
3566 7
3567 7
3568 7
3569 7
3570 7
3571 7
3572 7
3573 7
3574 7
3575 7
3576 7
3577 7
3578 7
3579 7
3580 7
3581 7
3582 7
3583 7
3584 7
3585 7
3586 7
3587 7
3588 7
3589 7
3590 7
3591 7
3592 7
3593 7
3594 7
3595 7
3596 7
3597 7
3598 7
3599 7
3600 7
3601 7
3602 7
3603 7
3604 7
3605 7
3606 7
3607 7
3608 7
3609 7
3610 7
3611 7
3612 7
3613 7
3614 7
3615 7
3616 7
3617 7
3618 7
3619 7
3620 7
3621 7
3622 7
3623 7
3624 7
3625 7
3626 7
3627 7
3628 7
3629 7
3630 7
3631 7
3632 7
3633 7
3634 7
3635 7
3636 7
3637 7
3638 7
3639 7
3640 7
3641 7
3642 7
3643 7
3644 7
3645 7
3646 7
3647 7
3648 7
3649 7
3650 7
3651 7
3652 7
3653 7
3654 7
3655 7
3656 7
3657 7
3658 7
3659 7
3660 7
3661 7
3662 7
3663 7
3664 7
3665 7
3666 7
3667 7
3668 7
3669 7
3670 7
3671 7
3672 7
3673 7
3674 7
3675 7
3676 7
3677 7
3678 7
3679 7
3680 7
3681 7
3682 7
3683 7
3684 7
3685 7
3686 7
3687 7
3688 7
3689 7
3690 7
3691 7
3692 7
3693 7
3694 7
3695 7
3696 7
3697 7
3698 7
3699 7
3700 7
3701 7
3702 7
3703 7
3704 7
3705 7
3706 7
3707 7
3708 7
3709 7
3710 7
3711 7
3712 7
3713 7
3714 7
3715 7
3716 7
3717 7
3718 7
3719 7
3720 7
3721 7
3722 7
3723 7
3724 7
3725 7
3726 7
3727 7
3728 7
3729 7
3730 7
3731 7
3732 7
3733 7
3734 7
3735 7
3736 7
3737 7
3738 7
3739 7
3740 7
3741 7
3742 7
3743 7
3744 7
3745 7
3746 7
3747 7
3748 7
3749 7
3750 7
3751 7
3752 7
3753 7
3754 7
3755 7
3756 7
3757 7
3758 7
3759 7
3760 7
3761 7
3762 7
3763 7
3764 7
3765 7
3766 7
3767 7
3768 7
3769 7
3770 7
3771 7
3772 7
3773 7
3774 7
3775 7
3776 7
3777 7
3778 7
3779 7
3780 7
3781 7
3782 7
3783 7
3784 7
3785 7
3786 7
3787 7
3788 7
3789 7
3790 7
3791 7
3792 7
3793 7
3794 7
3795 7
3796 7
3797 7
3798 7
3799 7
3800 7
3801 7
3802 7
3803 7
3804 7
3805 7
3806 7
3807 7
3808 7
3809 7
3810 7
3811 7
3812 7
3813 7
3814 7
3815 7
3816 7
3817 7
3818 7
3819 7
3820 7
3821 7
3822 7
3823 7
3824 7
3825 7
3826 7
3827 7
3828 7
3829 7
3830 7
3831 7
3832 7
3833 7
3834 7
3835 7
3836 7
3837 7
3838 7
3839 7
3840 7
3841 7
3842 7
3843 7
3844 7
3845 7
3846 7
3847 7
3848 7
3849 7
3850 7
3851 7
3852 7
3853 7
3854 7
3855 7
3856 7
3857 7
3858 7
3859 7
3860 7
3861 7
3862 7
3863 7
3864 7
3865 7
3866 7
3867 7
3868 7
3869 7
3870 7
3871 7
3872 7
3873 7
3874 7
3875 7
3876 7
3877 7
3878 7
3879 7
3880 7
3881 7
3882 7
3883 7
3884 7
3885 7
3886 7
3887 7
3888 7
3889 7
3890 7
3891 7
3892 7
3893 7
3894 7
3895 7
3896 7
3897 7
3898 7
3899 7
3900 7
3901 7
3902 7
3903 7
3904 7
3905 7
3906 7
3907 7
3908 7
3909 7
3910 7
3911 7
3912 7
3913 7
3914 7
3915 7
3916 7
3917 7
3918 7
3919 7
3920 7
3921 7
3922 7
3923 7
3924 7
3925 7
3926 7
3927 7
3928 7
3929 7
3930 7
3931 7
3932 7
3933 7
3934 7
3935 7
3936 7
3937 7
3938 7
3939 7
3940 7
3941 7
3942 7
3943 7
3944 7
3945 7
3946 7
3947 7
3948 7
3949 7
3950 7
3951 7
3952 7
3953 7
3954 7
3955 7
3956 7
3957 7
3958 7
3959 7
3960 7
3961 7
3962 7
3963 7
3964 7
3965 7
3966 7
3967 7
3968 7
3969 7
3970 7
3971 7
3972 7
3973 7
3974 7
3975 7
3976 7
3977 7
3978 7
3979 7
3980 7
3981 7
3982 7
3983 7
3984 7
3985 7
3986 7
3987 7
3988 7
3989 7
3990 7
3991 7
3992 7
3993 7
3994 7
3995 7
3996 7
3997 7
3998 7
3999 7
4000 7
4001 7
4002 7
4003 7
4004 7
4005 7
4006 7
4007 7
4008 7
4009 7
4010 7
4011 7
4012 7
4013 7
4014 7
4015 7
4016 7
4017 7
4018 7
4019 7
4020 7
4021 7
4022 7
4023 7
4024 7
4025 7
4026 7
4027 7
4028 7
4029 7
4030 7
4031 7
4032 7
4033 7
4034 7
4035 7
4036 7
4037 7
4038 7
4039 7
4040 7
4041 7
4042 7
4043 7
4044 7
4045 7
4046 7
4047 7
4048 7
4049 7
4050 7
4051 7
4052 7
4053 7
4054 7
4055 7
4056 7
4057 7
4058 7
4059 7
4060 7
4061 7
4062 7
4063 7
4064 7
4065 7
4066 7
4067 7
4068 7
4069 7
4070 7
4071 7
4072 7
4073 7
4074 7
4075 7
4076 7
4077 7
4078 7
4079 7
4080 7
4081 7
4082 7
4083 7
4084 7
4085 7
4086 7
4087 7
4088 7
4089 7
4090 7
4091 7
4092 7
4093 7
4094 7
4095 7
4096 7
4097 7
4098 7
4099 7
4100 7
4101 7
4102 7
4103 7
4104 7
4105 7
4106 7
4107 7
4108 7
4109 7
4110 7
4111 7
4112 7
4113 7
4114 7
4115 7
4116 7
4117 7
4118 7
4119 7
4120 7
4121 7
4122 7
4123 7
4124 7
4125 7
4126 7
4127 7
4128 7
4129 7
4130 7
4131 7
4132 7
4133 7
4134 7
4135 7
4136 7
4137 7
4138 7
4139 7
4140 7
4141 7
4142 7
4143 7
4144 7
4145 7
4146 7
4147 7
4148 7
4149 7
4150 7
4151 7
4152 7
4153 7
4154 7
4155 7
4156 7
4157 7
4158 7
4159 7
4160 7
4161 7
4162 7
4163 7
4164 7
4165 7
4166 7
4167 7
4168 7
4169 7
4170 7
4171 7
4172 7
4173 7
4174 7
4175 7
4176 7
4177 7
4178 7
4179 7
4180 7
4181 7
4182 7
4183 7
4184 7
4185 7
4186 7
4187 7
4188 7
4189 7
4190 7
4191 7
4192 7
4193 7
4194 7
4195 7
4196 7
4197 7
4198 7
4199 7
4200 7
4201 7
4202 7
4203 7
4204 7
4205 7
4206 7
4207 7
4208 7
4209 7
4210 7
4211 7
4212 7
4213 7
4214 7
4215 7
4216 7
4217 7
4218 7
4219 7
4220 7
4221 7
4222 7
4223 7
4224 7
4225 7
4226 7
4227 7
4228 7
4229 7
4230 7
4231 7
4232 7
4233 7
4234 7
4235 7
4236 7
4237 7
4238 7
4239 7
4240 7
4241 7
4242 7
4243 7
4244 7
4245 7
4246 7
4247 7
4248 7
4249 7
4250 7
4251 7
4252 7
4253 7
4254 7
4255 7
4256 7
4257 7
4258 7
4259 7
4260 7
4261 7
4262 7
4263 7
4264 7
4265 7
4266 7
4267 7
4268 7
4269 7
4270 7
4271 7
4272 7
4273 7
4274 7
4275 7
4276 7
4277 7
4278 7
4279 7
4280 7
4281 7
4282 7
4283 7
4284 7
4285 7
4286 7
4287 7
4288 7
4289 7
4290 7
4291 7
4292 7
4293 7
4294 7
4295 7
4296 7
4297 7
4298 7
4299 7
4300 7
4301 7
4302 7
4303 7
4304 7
4305 7
4306 7
4307 7
4308 7
4309 7
4310 7
4311 7
4312 7
4313 7
4314 7
4315 7
4316 7
4317 7
4318 7
4319 7
4320 7
4321 7
4322 7
4323 7
4324 7
4325 7
4326 7
4327 7
4328 7
4329 7
4330 7
4331 7
4332 7
4333 7
4334 7
4335 7
4336 7
4337 7
4338 7
4339 7
4340 7
4341 7
4342 7
4343 7
4344 7
4345 7
4346 7
4347 7
4348 7
4349 7
4350 7
4351 7
4352 7
4353 7
4354 7
4355 7
4356 7
4357 7
4358 7
4359 7
4360 7
4361 7
4362 7
4363 7
4364 7
4365 7
4366 7
4367 7
4368 7
4369 7
4370 7
4371 7
4372 7
4373 7
4374 7
4375 7
4376 7
4377 7
4378 7
4379 7
4380 7
4381 7
4382 7
4383 7
4384 7
4385 7
4386 7
4387 7
4388 7
4389 7
4390 7
4391 7
4392 7
4393 7
4394 7
4395 7
4396 7
4397 7
4398 7
4399 7
4400 7
4401 7
4402 7
4403 7
4404 7
4405 7
4406 7
4407 7
4408 7
4409 7
4410 7
4411 7
4412 7
4413 7
4414 7
4415 7
4416 7
4417 7
4418 7
4419 7
4420 7
4421 7
4422 7
4423 7
4424 7
4425 7
4426 7
4427 7
4428 7
4429 7
4430 7
4431 7
4432 7
4433 7
4434 7
4435 7
4436 7
4437 7
4438 7
4439 7
4440 7
4441 7
4442 7
4443 7
4444 7
4445 7
4446 7
4447 7
4448 7
4449 7
4450 7
4451 7
4452 7
4453 8
4454 8
4455 8
4456 8
4457 8
4458 8
4459 8
4460 8
4461 8
4462 8
4463 8
4464 8
4465 8
4466 8
4467 8
4468 8
4469 8
4470 8
4471 8
4472 8
4473 8
4474 8
4475 8
4476 8
4477 8
4478 8
4479 8
4480 8
4481 8
4482 8
4483 8
4484 8
4485 8
4486 8
4487 8
4488 8
4489 8
4490 8
4491 8
4492 8
4493 8
4494 8
4495 8
4496 8
4497 8
4498 8
4499 8
4500 8
4501 8
4502 8
4503 8
4504 8
4505 8
4506 8
4507 8
4508 8
4509 8
4510 8
4511 8
4512 8
4513 8
4514 8
4515 8
4516 8
4517 8
4518 8
4519 8
4520 8
4521 8
4522 8
4523 8
4524 8
4525 8
4526 8
4527 8
4528 8
4529 8
4530 8
4531 8
4532 8
4533 8
4534 8
4535 8
4536 8
4537 8
4538 8
4539 8
4540 8
4541 8
4542 8
4543 8
4544 8
4545 8
4546 8
4547 8
4548 8
4549 8
4550 8
4551 8
4552 8
4553 8
4554 8
4555 8
4556 8
4557 8
4558 8
4559 8
4560 8
4561 8
4562 8
4563 8
4564 8
4565 8
4566 8
4567 8
4568 8
4569 8
4570 8
4571 8
4572 8
4573 8
4574 8
4575 8
4576 8
4577 8
4578 8
4579 8
4580 8
4581 8
4582 8
4583 8
4584 8
4585 8
4586 8
4587 8
4588 8
4589 8
4590 8
4591 8
4592 8
4593 8
4594 8
4595 8
4596 8
4597 8
4598 8
4599 8
4600 8
4601 8
4602 8
4603 8
4604 8
4605 8
4606 8
4607 8
4608 8
4609 8
4610 8
4611 8
4612 8
4613 8
4614 8
4615 8
4616 8
4617 8
4618 8
4619 8
4620 8
4621 8
4622 8
4623 8
4624 8
4625 8
4626 8
4627 8
4628 8
4629 8
4630 8
4631 8
4632 8
4633 8
4634 8
4635 8
4636 8
4637 8
4638 8
4639 8
4640 8
4641 8
4642 8
4643 8
4644 8
4645 8
4646 8
4647 8
4648 8
4649 8
4650 8
4651 8
4652 8
4653 8
4654 8
4655 8
4656 8
4657 8
4658 8
4659 8
4660 8
4661 8
4662 8
4663 8
4664 8
4665 8
4666 8
4667 8
4668 8
4669 8
4670 8
4671 8
4672 8
4673 8
4674 8
4675 8
4676 8
4677 8
4678 8
4679 8
4680 8
4681 8
4682 8
4683 8
4684 8
4685 8
4686 8
4687 8
4688 8
4689 8
4690 8
4691 8
4692 8
4693 8
4694 8
4695 8
4696 8
4697 8
4698 8
4699 8
4700 8
4701 8
4702 8
4703 8
4704 8
4705 8
4706 8
4707 8
4708 8
4709 8
4710 8
4711 8
4712 8
4713 8
4714 8
4715 8
4716 8
4717 8
4718 8
4719 8
4720 8
4721 8
4722 8
4723 8
4724 8
4725 8
4726 8
4727 8
4728 8
4729 8
4730 8
4731 8
4732 8
4733 8
4734 8
4735 8
4736 8
4737 8
4738 8
4739 8
4740 8
4741 8
4742 8
4743 8
4744 8
4745 8
4746 8
4747 8
4748 8
4749 8
4750 8
4751 8
4752 8
4753 8
4754 8
4755 8
4756 8
4757 8
4758 8
4759 8
4760 8
4761 8
4762 8
4763 8
4764 8
4765 8
4766 8
4767 8
4768 8
4769 8
4770 8
4771 8
4772 8
4773 8
4774 8
4775 8
4776 8
4777 8
4778 8
4779 8
4780 8
4781 8
4782 8
4783 8
4784 8
4785 8
4786 8
4787 8
4788 8
4789 8
4790 8
4791 8
4792 8
4793 8
4794 8
4795 8
4796 8
4797 8
4798 8
4799 8
4800 8
4801 8
4802 8
4803 8
4804 8
4805 8
4806 8
4807 8
4808 8
4809 8
4810 8
4811 8
4812 8
4813 8
4814 8
4815 8
4816 8
4817 8
4818 8
4819 8
4820 8
4821 8
4822 8
4823 8
4824 8
4825 8
4826 8
4827 8
4828 8
4829 8
4830 8
4831 8
4832 8
4833 8
4834 8
4835 8
4836 8
4837 8
4838 8
4839 8
4840 8
4841 8
4842 8
4843 8
4844 8
4845 8
4846 8
4847 8
4848 8
4849 8
4850 8
4851 8
4852 8
4853 8
4854 8
4855 8
4856 8
4857 8
4858 8
4859 8
4860 8
4861 8
4862 8
4863 8
4864 8
4865 8
4866 8
4867 8
4868 8
4869 8
4870 8
4871 8
4872 8
4873 8
4874 8
4875 8
4876 8
4877 8
4878 8
4879 8
4880 8
4881 8
4882 8
4883 8
4884 8
4885 8
4886 8
4887 8
4888 8
4889 8
4890 8
4891 8
4892 8
4893 8
4894 8
4895 8
4896 8
4897 8
4898 8
4899 8
4900 8
4901 8
4902 8
4903 8
4904 8
4905 8
4906 8
4907 8
4908 8
4909 8
4910 8
4911 8
4912 8
4913 8
4914 8
4915 8
4916 8
4917 8
4918 8
4919 8
4920 8
4921 8
4922 8
4923 8
4924 8
4925 8
4926 8
4927 8
4928 8
4929 8
4930 8
4931 8
4932 8
4933 8
4934 8
4935 8
4936 8
4937 8
4938 8
4939 8
4940 8
4941 8
4942 8
4943 8
4944 8
4945 8
4946 8
4947 8
4948 8
4949 8
4950 8
4951 8
4952 8
4953 8
4954 8
4955 8
4956 8
4957 8
4958 8
4959 8
4960 8
4961 8
4962 8
4963 8
4964 8
4965 8
4966 8
4967 8
4968 8
4969 8
4970 8
4971 8
4972 8
4973 8
4974 8
4975 8
4976 8
4977 8
4978 8
4979 8
4980 8
4981 8
4982 8
4983 8
4984 8
4985 8
4986 8
4987 8
4988 8
4989 8
4990 8
4991 8
4992 8
4993 8
4994 8
4995 8
4996 8
4997 8
4998 8
4999 8
5000 8
5001 8
5002 8
5003 8
5004 8
5005 8
5006 8
5007 8
5008 8
5009 8
5010 8
5011 8
5012 8
5013 8
5014 8
5015 8
5016 8
5017 8
5018 8
5019 8
5020 8
5021 8
5022 8
5023 8
5024 8
5025 8
5026 8
5027 8
5028 8
5029 8
5030 8
5031 8
5032 8
5033 8
5034 8
5035 8
5036 8
5037 8
5038 8
5039 8
5040 8
5041 8
5042 8
5043 8
5044 8
5045 8
5046 8
5047 8
5048 8
5049 8
5050 8
5051 8
5052 8
5053 8
5054 8
5055 8
5056 8
5057 8
5058 8
5059 8
5060 8
5061 8
5062 8
5063 8
5064 8
5065 8
5066 8
5067 8
5068 8
5069 8
5070 8
5071 8
5072 8
5073 8
5074 8
5075 8
5076 8
5077 8
5078 8
5079 8
5080 8
5081 8
5082 8
5083 8
5084 8
5085 8
5086 8
5087 8
5088 8
5089 8
5090 8
5091 8
5092 8
5093 8
5094 8
5095 8
5096 8
5097 8
5098 8
5099 8
5100 8
5101 8
5102 8
5103 8
5104 8
5105 8
5106 8
5107 8
5108 8
5109 8
5110 8
5111 8
5112 8
5113 8
5114 8
5115 8
5116 8
5117 8
5118 8
5119 8
5120 8
5121 8
5122 8
5123 8
5124 8
5125 8
5126 8
5127 8
5128 8
5129 8
5130 8
5131 8
5132 8
5133 8
5134 8
5135 8
5136 8
5137 8
5138 8
5139 8
5140 8
5141 8
5142 8
5143 8
5144 8
5145 8
5146 8
5147 8
5148 8
5149 8
5150 8
5151 8
5152 8
5153 8
5154 8
5155 8
5156 8
5157 8
5158 8
5159 8
5160 8
5161 8
5162 8
5163 8
5164 8
5165 8
5166 8
5167 8
5168 8
5169 8
5170 8
5171 8
5172 8
5173 8
5174 8
5175 8
5176 8
5177 8
5178 8
5179 8
5180 8
5181 8
5182 8
5183 8
5184 8
5185 8
5186 8
5187 8
5188 8
5189 8
5190 8
5191 8
5192 8
5193 8
5194 8
5195 8
5196 8
5197 8
5198 8
5199 8
5200 8
5201 8
5202 8
5203 8
5204 8
5205 8
5206 8
5207 8
5208 8
5209 8
5210 8
5211 8
5212 8
5213 8
5214 8
5215 8
5216 8
5217 8
5218 8
5219 8
5220 8
5221 8
5222 8
5223 8
5224 8
5225 8
5226 8
5227 8
5228 8
5229 8
5230 8
5231 8
5232 8
5233 8
5234 8
5235 8
5236 8
5237 8
5238 8
5239 8
5240 8
5241 8
5242 8
5243 8
5244 8
5245 8
5246 8
5247 8
5248 8
5249 8
5250 8
5251 8
5252 8
5253 8
5254 8
5255 8
5256 8
5257 8
5258 8
5259 8
5260 8
5261 8
5262 8
5263 8
5264 8
5265 8
5266 8
5267 8
5268 8
5269 8
5270 8
5271 8
5272 8
5273 8
5274 8
5275 8
5276 8
5277 8
5278 8
5279 8
5280 8
5281 8
5282 8
5283 8
5284 8
5285 8
5286 8
5287 8
5288 8
5289 8
5290 8
5291 8
5292 8
5293 8
5294 8
5295 8
5296 8
5297 8
5298 8
5299 8
5300 8
5301 8
5302 8
5303 8
5304 8
5305 8
5306 8
5307 8
5308 8
5309 8
5310 8
5311 8
5312 8
5313 8
5314 8
5315 8
5316 8
5317 8
5318 8
5319 8
5320 8
5321 8
5322 8
5323 8
5324 8
5325 8
5326 8
5327 8
5328 8
5329 8
5330 8
5331 8
5332 8
5333 8
5334 8
5335 8
5336 8
5337 8
5338 8
5339 8
5340 8
5341 8
5342 8
5343 8
5344 8
5345 8
5346 8
5347 8
5348 8
5349 8
5350 8
5351 8
5352 8
5353 8
5354 8
5355 8
5356 8
5357 8
5358 8
5359 8
5360 8
5361 8
5362 8
5363 8
5364 8
5365 8
5366 8
5367 8
5368 8
5369 8
5370 8
5371 8
5372 8
5373 8
5374 8
5375 8
5376 8
5377 8
5378 8
5379 8
5380 8
5381 8
5382 8
5383 8
5384 8
5385 8
5386 8
5387 8
5388 8
5389 8
5390 8
5391 8
5392 8
5393 8
5394 8
5395 8
5396 8
5397 8
5398 8
5399 8
5400 8
5401 8
5402 8
5403 8
5404 8
5405 8
5406 8
5407 8
5408 8
5409 8
5410 8
5411 8
5412 8
5413 8
5414 8
5415 8
5416 8
5417 8
5418 8
5419 8
5420 8
5421 8
5422 8
5423 8
5424 8
5425 8
5426 8
5427 8
5428 8
5429 8
5430 8
5431 8
5432 8
5433 8
5434 8
5435 8
5436 8
5437 8
5438 8
5439 8
5440 8
5441 8
5442 8
5443 8
5444 8
5445 8
5446 8
5447 8
5448 8
5449 8
5450 8
5451 8
5452 8
5453 8
5454 8
5455 8
5456 8
5457 8
5458 8
5459 8
5460 8
5461 8
5462 8
5463 8
5464 8
5465 8
5466 8
5467 8
5468 8
5469 8
5470 8
5471 8
5472 8
5473 8
5474 8
5475 8
5476 8
5477 8
5478 8
5479 8
5480 8
5481 8
5482 8
5483 8
5484 8
5485 8
5486 8
5487 8
5488 8
5489 8
5490 8
5491 8
5492 8
5493 8
5494 8
5495 8
5496 8
5497 8
5498 8
5499 8
5500 8
5501 8
5502 8
5503 8
5504 8
5505 8
5506 8
5507 8
5508 8
5509 8
5510 8
5511 8
5512 8
5513 8
5514 8
5515 8
5516 8
5517 8
5518 8
5519 8
5520 8
5521 8
5522 8
5523 8
5524 8
5525 8
5526 8
5527 8
5528 8
5529 8
5530 8
5531 8
5532 8
5533 8
5534 8
5535 8
5536 8
5537 8
5538 8
5539 8
5540 8
5541 8
5542 8
5543 8
5544 8
5545 8
5546 8
5547 8
5548 8
5549 8
5550 8
5551 8
5552 8
5553 8
5554 8
5555 8
5556 8
5557 8
5558 8
5559 8
5560 8
5561 8
5562 8
5563 8
5564 8
5565 8
5566 8
5567 8
5568 8
5569 8
5570 8
5571 8
5572 8
5573 8
5574 8
5575 8
5576 8
5577 8
5578 8
5579 8
5580 8
5581 8
5582 8
5583 8
5584 8
5585 8
5586 8
5587 8
5588 8
5589 8
5590 8
5591 8
5592 8
5593 8
5594 8
5595 8
5596 8
5597 9
5598 9
5599 9
5600 9
5601 9
5602 9
5603 9
5604 9
5605 9
5606 9
5607 9
5608 9
5609 9
5610 9
5611 9
5612 9
5613 9
5614 9
5615 9
5616 9
5617 9
5618 9
5619 9
5620 9
5621 9
5622 9
5623 9
5624 9
5625 9
5626 9
5627 9
5628 9
5629 9
5630 9
5631 9
5632 9
5633 9
5634 9
5635 9
5636 9
5637 9
5638 9
5639 9
5640 9
5641 9
5642 9
5643 9
5644 9
5645 9
5646 9
5647 9
5648 9
5649 9
5650 9
5651 9
5652 9
5653 9
5654 9
5655 9
5656 9
5657 9
5658 9
5659 9
5660 9
5661 9
5662 9
5663 9
5664 9
5665 9
5666 9
5667 9
5668 9
5669 9
5670 9
5671 9
5672 9
5673 9
5674 9
5675 9
5676 9
5677 9
5678 9
5679 9
5680 9
5681 9
5682 9
5683 9
5684 9
5685 9
5686 9
5687 9
5688 9
5689 9
5690 9
5691 9
5692 9
5693 9
5694 9
5695 9
5696 9
5697 9
5698 9
5699 9
5700 9
5701 9
5702 9
5703 9
5704 9
5705 9
5706 9
5707 9
5708 9
5709 9
5710 9
5711 9
5712 9
5713 9
5714 9
5715 9
5716 9
5717 9
5718 9
5719 9
5720 9
5721 9
5722 9
5723 9
5724 9
5725 9
5726 9
5727 9
5728 9
5729 9
5730 9
5731 9
5732 9
5733 9
5734 9
5735 9
5736 9
5737 9
5738 9
5739 9
5740 9
5741 9
5742 9
5743 9
5744 9
5745 9
5746 9
5747 9
5748 9
5749 9
5750 9
5751 9
5752 9
5753 9
5754 9
5755 9
5756 9
5757 9
5758 9
5759 9
5760 9
5761 9
5762 9
5763 9
5764 9
5765 9
5766 9
5767 9
5768 9
5769 9
5770 9
5771 9
5772 9
5773 9
5774 9
5775 9
5776 9
5777 9
5778 9
5779 9
5780 9
5781 9
5782 9
5783 9
5784 9
5785 9
5786 9
5787 9
5788 9
5789 9
5790 9
5791 9
5792 9
5793 9
5794 9
5795 9
5796 9
5797 9
5798 9
5799 9
5800 9
5801 9
5802 9
5803 9
5804 9
5805 9
5806 9
5807 9
5808 9
5809 9
5810 9
5811 9
5812 9
5813 9
5814 9
5815 9
5816 9
5817 9
5818 9
5819 9
5820 9
5821 9
5822 9
5823 9
5824 9
5825 9
5826 9
5827 9
5828 9
5829 9
5830 9
5831 9
5832 9
5833 9
5834 9
5835 9
5836 9
5837 9
5838 9
5839 9
5840 9
5841 9
5842 9
5843 9
5844 9
5845 9
5846 9
5847 9
5848 9
5849 9
5850 9
5851 9
5852 9
5853 9
5854 9
5855 9
5856 9
5857 9
5858 9
5859 9
5860 9
5861 9
5862 9
5863 9
5864 9
5865 9
5866 9
5867 9
5868 9
5869 9
5870 9
5871 9
5872 9
5873 9
5874 9
5875 9
5876 9
5877 9
5878 9
5879 9
5880 9
5881 9
5882 9
5883 9
5884 9
5885 9
5886 9
5887 9
5888 9
5889 9
5890 9
5891 9
5892 9
5893 9
5894 9
5895 9
5896 9
5897 9
5898 9
5899 9
5900 9
5901 9
5902 9
5903 9
5904 9
5905 9
5906 9
5907 9
5908 9
5909 9
5910 9
5911 9
5912 9
5913 9
5914 9
5915 9
5916 9
5917 9
5918 9
5919 9
5920 9
5921 9
5922 9
5923 9
5924 9
5925 9
5926 9
5927 9
5928 9
5929 9
5930 9
5931 9
5932 9
5933 9
5934 9
5935 9
5936 9
5937 9
5938 9
5939 9
5940 9
5941 9
5942 9
5943 9
5944 9
5945 9
5946 9
5947 9
5948 9
5949 9
5950 9
5951 9
5952 9
5953 9
5954 9
5955 9
5956 9
5957 9
5958 9
5959 9
5960 9
5961 9
5962 9
5963 9
5964 9
5965 9
5966 9
5967 9
5968 9
5969 9
5970 9
5971 9
5972 9
5973 9
5974 9
5975 9
5976 9
5977 9
5978 9
5979 9
5980 9
5981 9
5982 9
5983 9
5984 9
5985 9
5986 9
5987 9
5988 9
5989 9
5990 9
5991 9
5992 9
5993 9
5994 9
5995 9
5996 9
5997 9
5998 9
5999 9
6000 9
6001 9
6002 9
6003 9
6004 9
6005 9
6006 9
6007 9
6008 9
6009 9
6010 9
6011 9
6012 9
6013 9
6014 9
6015 9
6016 9
6017 9
6018 9
6019 9
6020 9
6021 9
6022 9
6023 9
6024 9
6025 9
6026 9
6027 9
6028 9
6029 9
6030 9
6031 9
6032 9
6033 9
6034 9
6035 9
6036 9
6037 9
6038 9
6039 9
6040 9
6041 9
6042 9
6043 9
6044 9
6045 9
6046 9
6047 9
6048 9
6049 9
6050 9
6051 9
6052 9
6053 9
6054 9
6055 9
6056 9
6057 9
6058 9
6059 9
6060 9
6061 9
6062 9
6063 9
6064 9
6065 9
6066 9
6067 9
6068 9
6069 9
6070 9
6071 9
6072 9
6073 9
6074 9
6075 9
6076 9
6077 9
6078 9
6079 9
6080 9
6081 9
6082 9
6083 9
6084 9
6085 9
6086 9
6087 9
6088 9
6089 9
6090 9
6091 9
6092 9
6093 9
6094 9
6095 9
6096 9
6097 9
6098 9
6099 9
6100 9
6101 9
6102 9
6103 9
6104 9
6105 9
6106 9
6107 9
6108 9
6109 9
6110 9
6111 9
6112 9
6113 9
6114 9
6115 9
6116 9
6117 9
6118 9
6119 9
6120 9
6121 9
6122 9
6123 9
6124 9
6125 9
6126 9
6127 9
6128 9
6129 9
6130 9
6131 9
6132 9
6133 9
6134 9
6135 9
6136 9
6137 9
6138 9
6139 9
6140 9
6141 9
6142 9
6143 9
6144 9
6145 9
6146 9
6147 9
6148 9
6149 9
6150 9
6151 9
6152 9
6153 9
6154 9
6155 9
6156 9
6157 9
6158 9
6159 9
6160 9
6161 9
6162 9
6163 9
6164 9
6165 9
6166 9
6167 9
6168 9
6169 9
6170 9
6171 9
6172 9
6173 9
6174 9
6175 9
6176 9
6177 9
6178 9
6179 9
6180 9
6181 9
6182 9
6183 9
6184 9
6185 9
6186 9
6187 9
6188 9
6189 9
6190 9
6191 9
6192 9
6193 9
6194 9
6195 9
6196 9
6197 9
6198 9
6199 9
6200 9
6201 9
6202 9
6203 9
6204 9
6205 9
6206 9
6207 9
6208 9
6209 9
6210 9
6211 9
6212 9
6213 9
6214 9
6215 9
6216 9
6217 9
6218 9
6219 9
6220 9
6221 9
6222 9
6223 9
6224 9
6225 9
6226 9
6227 9
6228 9
6229 9
6230 9
6231 9
6232 9
6233 9
6234 9
6235 9
6236 9
6237 9
6238 9
6239 9
6240 9
6241 9
6242 9
6243 9
6244 9
6245 9
6246 9
6247 9
6248 9
6249 9
6250 9
6251 9
6252 9
6253 9
6254 9
6255 9
6256 9
6257 9
6258 9
6259 9
6260 9
6261 9
6262 9
6263 9
6264 9
6265 9
6266 9
6267 9
6268 9
6269 9
6270 9
6271 9
6272 9
6273 9
6274 9
6275 9
6276 9
6277 9
6278 9
6279 9
6280 9
6281 9
6282 9
6283 9
6284 9
6285 9
6286 9
6287 9
6288 9
6289 9
6290 9
6291 9
6292 9
6293 9
6294 9
6295 9
6296 9
6297 9
6298 9
6299 9
6300 9
6301 9
6302 9
6303 9
6304 9
6305 9
6306 9
6307 9
6308 9
6309 9
6310 9
6311 9
6312 9
6313 9
6314 9
6315 9
6316 9
6317 9
6318 9
6319 9
6320 9
6321 9
6322 9
6323 9
6324 9
6325 9
6326 9
6327 9
6328 9
6329 9
6330 9
6331 9
6332 9
6333 9
6334 9
6335 9
6336 9
6337 9
6338 9
6339 9
6340 9
6341 9
6342 9
6343 9
6344 9
6345 9
6346 9
6347 9
6348 9
6349 9
6350 9
6351 9
6352 9
6353 9
6354 9
6355 9
6356 9
6357 9
6358 9
6359 9
6360 9
6361 9
6362 9
6363 9
6364 9
6365 9
6366 9
6367 9
6368 9
6369 9
6370 9
6371 9
6372 9
6373 9
6374 9
6375 9
6376 9
6377 9
6378 9
6379 9
6380 9
6381 9
6382 9
6383 9
6384 9
6385 9
6386 9
6387 9
6388 9
6389 9
6390 9
6391 9
6392 9
6393 9
6394 9
6395 9
6396 9
6397 9
6398 9
6399 9
6400 9
6401 9
6402 9
6403 9
6404 9
6405 9
6406 9
6407 9
6408 9
6409 9
6410 9
6411 9
6412 9
6413 9
6414 9
6415 9
6416 9
6417 9
6418 9
6419 9
6420 9
6421 9
6422 9
6423 9
6424 9
6425 9
6426 9
6427 9
6428 9
6429 9
6430 9
6431 9
6432 9
6433 9
6434 9
6435 9
6436 9
6437 9
6438 9
6439 9
6440 9
6441 9
6442 9
6443 9
6444 9
6445 9
6446 9
6447 9
6448 9
6449 9
6450 9
6451 9
6452 9
6453 9
6454 9
6455 9
6456 9
6457 9
6458 9
6459 9
6460 9
6461 9
6462 9
6463 9
6464 9
6465 9
6466 9
6467 9
6468 9
6469 9
6470 9
6471 9
6472 9
6473 9
6474 9
6475 9
6476 9
6477 9
6478 9
6479 9
6480 9
6481 9
6482 9
6483 9
6484 9
6485 9
6486 9
6487 9
6488 9
6489 9
6490 9
6491 9
6492 9
6493 9
6494 9
6495 9
6496 9
6497 9
6498 9
6499 9
6500 9
6501 9
6502 9
6503 9
6504 9
6505 9
6506 9
6507 9
6508 9
6509 9
6510 9
6511 9
6512 9
6513 9
6514 9
6515 9
6516 9
6517 9
6518 9
6519 9
6520 9
6521 9
6522 9
6523 9
6524 9
6525 9
6526 9
6527 9
6528 9
6529 9
6530 9
6531 9
6532 9
6533 9
6534 9
6535 9
6536 9
6537 9
6538 9
6539 9
6540 9
6541 9
6542 9
6543 9
6544 9
6545 9
6546 9
6547 9
6548 9
6549 9
6550 9
6551 9
6552 9
6553 9
6554 9
6555 9
6556 9
6557 9
6558 9
6559 9
6560 9
6561 9
6562 9
6563 9
6564 9
6565 9
6566 9
6567 9
6568 9
6569 9
6570 9
6571 9
6572 9
6573 9
6574 9
6575 9
6576 9
6577 9
6578 9
6579 9
6580 9
6581 9
6582 9
6583 9
6584 9
6585 9
6586 9
6587 9
6588 9
6589 9
6590 9
6591 9
6592 9
6593 9
6594 9
6595 9
6596 9
6597 9
6598 9
6599 9
6600 9
6601 9
6602 9
6603 9
6604 9
6605 9
6606 9
6607 9
6608 9
6609 9
6610 9
6611 9
6612 9
6613 9
6614 9
6615 9
6616 9
6617 9
6618 9
6619 9
6620 9
6621 9
6622 9
6623 9
6624 9
6625 9
6626 9
6627 9
6628 9
6629 9
6630 9
6631 9
6632 9
6633 9
6634 9
6635 9
6636 9
6637 9
6638 9
6639 9
6640 9
6641 9
6642 9
6643 9
6644 9
6645 9
6646 9
6647 9
6648 9
6649 9
6650 9
6651 9
6652 9
6653 9
6654 9
6655 9
6656 9
6657 9
6658 9
6659 9
6660 9
6661 9
6662 9
6663 10
6664 10
6665 10
6666 10
6667 10
6668 10
6669 10
6670 10
6671 10
6672 10
6673 10
6674 10
6675 10
6676 10
6677 10
6678 10
6679 10
6680 10
6681 10
6682 10
6683 10
6684 10
6685 10
6686 10
6687 10
6688 10
6689 10
6690 10
6691 10
6692 10
6693 10
6694 10
6695 10
6696 10
6697 10
6698 10
6699 10
6700 10
6701 10
6702 10
6703 10
6704 10
6705 10
6706 10
6707 10
6708 10
6709 10
6710 10
6711 10
6712 10
6713 10
6714 10
6715 10
6716 10
6717 10
6718 10
6719 10
6720 10
6721 10
6722 10
6723 10
6724 10
6725 10
6726 10
6727 10
6728 10
6729 10
6730 10
6731 10
6732 10
6733 10
6734 10
6735 10
6736 10
6737 10
6738 10
6739 10
6740 10
6741 10
6742 10
6743 10
6744 10
6745 10
6746 10
6747 10
6748 10
6749 10
6750 10
6751 10
6752 10
6753 10
6754 10
6755 10
6756 10
6757 10
6758 10
6759 10
6760 10
6761 10
6762 10
6763 10
6764 10
6765 10
6766 10
6767 10
6768 10
6769 10
6770 10
6771 10
6772 10
6773 10
6774 10
6775 10
6776 10
6777 10
6778 10
6779 10
6780 10
6781 10
6782 10
6783 10
6784 10
6785 10
6786 10
6787 10
6788 10
6789 10
6790 10
6791 10
6792 10
6793 10
6794 10
6795 10
6796 10
6797 10
6798 10
6799 10
6800 10
6801 10
6802 10
6803 10
6804 10
6805 10
6806 10
6807 10
6808 10
6809 10
6810 10
6811 10
6812 10
6813 10
6814 10
6815 10
6816 10
6817 10
6818 10
6819 10
6820 10
6821 10
6822 10
6823 10
6824 10
6825 10
6826 10
6827 10
6828 10
6829 10
6830 10
6831 10
6832 10
6833 10
6834 10
6835 10
6836 10
6837 10
6838 10
6839 10
6840 10
6841 10
6842 10
6843 10
6844 10
6845 10
6846 10
6847 10
6848 10
6849 10
6850 10
6851 10
6852 10
6853 10
6854 10
6855 10
6856 10
6857 10
6858 10
6859 10
6860 10
6861 10
6862 10
6863 10
6864 10
6865 10
6866 10
6867 10
6868 10
6869 10
6870 10
6871 10
6872 10
6873 10
6874 10
6875 10
6876 10
6877 10
6878 10
6879 10
6880 10
6881 10
6882 10
6883 10
6884 10
6885 10
6886 10
6887 10
6888 10
6889 10
6890 10
6891 10
6892 10
6893 10
6894 10
6895 10
6896 10
6897 10
6898 10
6899 10
6900 10
6901 10
6902 10
6903 10
6904 10
6905 10
6906 10
6907 10
6908 10
6909 10
6910 10
6911 10
6912 10
6913 10
6914 10
6915 10
6916 10
6917 10
6918 10
6919 10
6920 10
6921 10
6922 10
6923 10
6924 10
6925 10
6926 10
6927 10
6928 10
6929 10
6930 10
6931 10
6932 10
6933 10
6934 10
6935 10
6936 10
6937 10
6938 10
6939 10
6940 10
6941 10
6942 10
6943 10
6944 10
6945 10
6946 10
6947 10
6948 10
6949 10
6950 10
6951 10
6952 10
6953 10
6954 10
6955 10
6956 10
6957 10
6958 10
6959 10
6960 10
6961 10
6962 10
6963 10
6964 10
6965 10
6966 10
6967 10
6968 10
6969 10
6970 10
6971 10
6972 10
6973 10
6974 10
6975 10
6976 10
6977 10
6978 10
6979 10
6980 10
6981 10
6982 10
6983 10
6984 10
6985 10
6986 10
6987 10
6988 10
6989 10
6990 10
6991 10
6992 10
6993 10
6994 10
6995 10
6996 10
6997 10
6998 10
6999 10
7000 10
7001 10
7002 10
7003 10
7004 10
7005 10
7006 10
7007 10
7008 10
7009 10
7010 10
7011 10
7012 10
7013 10
7014 10
7015 10
7016 10
7017 10
7018 10
7019 10
7020 10
7021 10
7022 10
7023 10
7024 10
7025 10
7026 10
7027 10
7028 10
7029 10
7030 10
7031 10
7032 10
7033 10
7034 10
7035 10
7036 10
7037 10
7038 10
7039 10
7040 10
7041 10
7042 10
7043 10
7044 10
7045 10
7046 10
7047 10
7048 10
7049 10
7050 10
7051 10
7052 10
7053 10
7054 10
7055 10
7056 10
7057 10
7058 10
7059 10
7060 10
7061 10
7062 10
7063 10
7064 10
7065 10
7066 10
7067 10
7068 10
7069 10
7070 10
7071 10
7072 10
7073 10
7074 10
7075 10
7076 10
7077 10
7078 10
7079 10
7080 10
7081 10
7082 10
7083 10
7084 10
7085 10
7086 10
7087 10
7088 10
7089 10
7090 10
7091 10
7092 10
7093 10
7094 10
7095 10
7096 10
7097 10
7098 10
7099 10
7100 10
7101 10
7102 10
7103 10
7104 10
7105 10
7106 10
7107 10
7108 10
7109 10
7110 10
7111 10
7112 10
7113 10
7114 10
7115 10
7116 10
7117 10
7118 10
7119 10
7120 10
7121 10
7122 10
7123 10
7124 10
7125 10
7126 10
7127 10
7128 10
7129 10
7130 10
7131 10
7132 10
7133 10
7134 10
7135 10
7136 10
7137 10
7138 10
7139 10
7140 10
7141 10
7142 10
7143 10
7144 10
7145 10
7146 10
7147 10
7148 10
7149 10
7150 10
7151 10
7152 10
7153 10
7154 10
7155 10
7156 10
7157 10
7158 10
7159 10
7160 10
7161 10
7162 10
7163 10
7164 10
7165 10
7166 10
7167 10
7168 10
7169 10
7170 10
7171 10
7172 10
7173 10
7174 10
7175 10
7176 10
7177 10
7178 10
7179 10
7180 10
7181 10
7182 10
7183 10
7184 10
7185 10
7186 10
7187 10
7188 10
7189 10
7190 10
7191 10
7192 10
7193 10
7194 10
7195 10
7196 10
7197 10
7198 10
7199 10
7200 10
7201 10
7202 10
7203 10
7204 10
7205 10
7206 10
7207 10
7208 10
7209 10
7210 10
7211 10
7212 10
7213 10
7214 10
7215 10
7216 10
7217 10
7218 10
7219 10
7220 10
7221 10
7222 10
7223 10
7224 10
7225 10
7226 10
7227 10
7228 10
7229 10
7230 10
7231 10
7232 10
7233 10
7234 10
7235 10
7236 10
7237 10
7238 10
7239 10
7240 10
7241 10
7242 10
7243 10
7244 10
7245 10
7246 10
7247 10
7248 10
7249 10
7250 10
7251 10
7252 10
7253 10
7254 10
7255 10
7256 10
7257 10
7258 10
7259 10
7260 10
7261 10
7262 10
7263 10
7264 10
7265 10
7266 10
7267 10
7268 10
7269 10
7270 10
7271 10
7272 10
7273 10
7274 10
7275 10
7276 10
7277 10
7278 10
7279 10
7280 10
7281 10
7282 10
7283 10
7284 10
7285 10
7286 10
7287 10
7288 10
7289 10
7290 10
7291 10
7292 10
7293 10
7294 10
7295 10
7296 10
7297 10
7298 10
7299 10
7300 10
7301 10
7302 10
7303 10
7304 10
7305 10
7306 10
7307 10
7308 10
7309 10
7310 10
7311 10
7312 10
7313 10
7314 10
7315 10
7316 10
7317 10
7318 10
7319 10
7320 10
7321 10
7322 10
7323 10
7324 10
7325 10
7326 10
7327 10
7328 10
7329 10
7330 10
7331 10
7332 10
7333 10
7334 10
7335 10
7336 10
7337 10
7338 10
7339 10
7340 10
7341 10
7342 10
7343 10
7344 10
7345 10
7346 10
7347 10
7348 10
7349 10
7350 10
7351 10
7352 10
7353 10
7354 10
7355 10
7356 10
7357 10
7358 10
7359 10
7360 10
7361 10
7362 10
7363 10
7364 10
7365 10
7366 10
7367 10
7368 10
7369 10
7370 10
7371 10
7372 10
7373 10
7374 10
7375 10
7376 10
7377 10
7378 10
7379 10
7380 10
7381 10
7382 10
7383 10
7384 10
7385 10
7386 10
7387 10
7388 10
7389 10
7390 10
7391 10
7392 10
7393 10
7394 10
7395 10
7396 10
7397 10
7398 10
7399 10
7400 10
7401 10
7402 10
7403 10
7404 10
7405 10
7406 10
7407 10
7408 10
7409 10
7410 10
7411 10
7412 10
7413 10
7414 10
7415 10
7416 10
7417 10
7418 10
7419 10
7420 10
7421 10
7422 10
7423 10
7424 10
7425 10
7426 10
7427 10
7428 10
7429 10
7430 10
7431 10
7432 10
7433 10
7434 10
7435 10
7436 10
7437 10
7438 10
7439 10
7440 10
7441 10
7442 10
7443 10
7444 10
7445 10
7446 10
7447 10
7448 10
7449 10
7450 10
7451 10
7452 10
7453 10
7454 10
7455 10
7456 10
7457 10
7458 10
7459 10
7460 10
7461 10
7462 10
7463 10
7464 10
7465 10
7466 10
7467 10
7468 10
7469 10
7470 10
7471 10
7472 10
7473 10
7474 10
7475 10
7476 10
7477 10
7478 10
7479 10
7480 10
7481 10
7482 10
7483 10
7484 10
7485 10
7486 10
7487 10
7488 10
7489 10
7490 10
7491 10
7492 10
7493 10
7494 10
7495 10
7496 10
7497 10
7498 10
7499 10
7500 10
7501 10
7502 10
7503 10
7504 10
7505 10
7506 10
7507 10
7508 10
7509 10
7510 10
7511 10
7512 10
7513 10
7514 10
7515 10
7516 10
7517 10
7518 10
7519 10
7520 10
7521 10
7522 10
7523 10
7524 10
7525 10
7526 10
7527 10
7528 10
7529 10
7530 10
7531 10
7532 10
7533 10
7534 10
7535 10
7536 10
7537 10
7538 10
7539 10
7540 10
7541 10
7542 10
7543 10
7544 10
7545 10
7546 10
7547 10
7548 10
7549 10
7550 10
7551 10
7552 10
7553 10
7554 10
7555 10
7556 10
7557 10
7558 10
7559 10
7560 10
7561 10
7562 10
7563 10
7564 10
7565 10
7566 10
7567 10
7568 10
7569 10
7570 10
7571 10
7572 10
7573 10
7574 10
7575 10
7576 10
7577 10
7578 10
7579 10
7580 10
7581 10
7582 10
7583 10
7584 10
7585 10
7586 10
7587 10
7588 10
7589 10
7590 10
7591 10
7592 10
7593 10
7594 10
7595 10
7596 10
7597 10
7598 10
7599 10
7600 10
7601 10
7602 10
7603 10
7604 10
7605 10
7606 10
7607 10
7608 10
7609 10
7610 10
7611 10
7612 10
7613 10
7614 10
7615 10
7616 10
7617 10
7618 10
7619 10
7620 10
7621 10
7622 10
7623 10
7624 10
7625 10
7626 10
7627 10
7628 10
7629 10
7630 10
7631 10
7632 10
7633 10
7634 10
7635 10
7636 10
7637 10
7638 10
7639 10
7640 10
7641 10
7642 10
7643 10
7644 10
7645 10
7646 10
7647 10
7648 10
7649 10
7650 10
7651 10
7652 10
7653 10
7654 10
7655 10
7656 10
7657 10
7658 10
7659 10
7660 10
7661 10
7662 10
7663 10
7664 10
7665 10
7666 10
7667 10
7668 10
7669 10
7670 10
7671 10
7672 10
7673 10
7674 10
7675 10
7676 10
7677 10
7678 10
7679 10
7680 10
7681 10
7682 10
7683 10
7684 10
7685 10
7686 10
7687 10
7688 10
7689 10
7690 10
7691 10
7692 10
7693 10
7694 10
7695 10
7696 10
7697 10
7698 10
7699 10
7700 10
7701 10
7702 10
7703 10
7704 10
7705 10
7706 10
7707 10
7708 10
7709 10
7710 10
7711 10
7712 10
7713 10
7714 10
7715 10
7716 10
7717 10
7718 10
7719 10
7720 10
7721 10
7722 10
7723 10
7724 10
7725 10
7726 10
7727 10
7728 10
7729 10
7730 10
7731 10
7732 10
7733 10
7734 10
7735 10
7736 10
7737 10
7738 10
7739 10
7740 10
7741 10
7742 10
7743 10
7744 10
7745 10
7746 10
7747 10
7748 10
7749 10
7750 10
7751 10
7752 10
7753 10
7754 10
7755 10
7756 10
7757 10
7758 10
7759 10
7760 10
7761 10
7762 10
7763 10
7764 10
7765 10
7766 10
7767 10
7768 10
7769 10
7770 10
7771 10
7772 10
7773 10
7774 10
7775 10
7776 10
7777 10
7778 10
7779 10
7780 10
7781 10
7782 10
7783 10
7784 10
7785 10
7786 10
7787 10
7788 10
7789 10
7790 10
7791 10
7792 10
7793 10
7794 10
7795 10
7796 10
7797 10
7798 10
7799 10
7800 10
7801 10
7802 10
7803 10
7804 11
7805 11
7806 11
7807 11
7808 11
7809 11
7810 11
7811 11
7812 11
7813 11
7814 11
7815 11
7816 11
7817 11
7818 11
7819 11
7820 11
7821 11
7822 11
7823 11
7824 11
7825 11
7826 11
7827 11
7828 11
7829 11
7830 11
7831 11
7832 11
7833 11
7834 11
7835 11
7836 11
7837 11
7838 11
7839 11
7840 11
7841 11
7842 11
7843 11
7844 11
7845 11
7846 11
7847 11
7848 11
7849 11
7850 11
7851 11
7852 11
7853 11
7854 11
7855 11
7856 11
7857 11
7858 11
7859 11
7860 11
7861 11
7862 11
7863 11
7864 11
7865 11
7866 11
7867 11
7868 11
7869 11
7870 11
7871 11
7872 11
7873 11
7874 11
7875 11
7876 11
7877 11
7878 11
7879 11
7880 11
7881 11
7882 11
7883 11
7884 11
7885 11
7886 11
7887 11
7888 11
7889 11
7890 11
7891 11
7892 11
7893 11
7894 11
7895 11
7896 11
7897 11
7898 11
7899 11
7900 11
7901 11
7902 11
7903 11
7904 11
7905 11
7906 11
7907 11
7908 11
7909 11
7910 11
7911 11
7912 11
7913 11
7914 11
7915 11
7916 11
7917 11
7918 11
7919 11
7920 11
7921 11
7922 11
7923 11
7924 11
7925 11
7926 11
7927 11
7928 11
7929 11
7930 11
7931 11
7932 11
7933 11
7934 11
7935 11
7936 11
7937 11
7938 11
7939 11
7940 11
7941 11
7942 11
7943 11
7944 11
7945 11
7946 11
7947 11
7948 11
7949 11
7950 11
7951 11
7952 11
7953 11
7954 11
7955 11
7956 11
7957 11
7958 11
7959 11
7960 11
7961 11
7962 11
7963 11
7964 11
7965 11
7966 11
7967 11
7968 11
7969 11
7970 11
7971 11
7972 11
7973 11
7974 11
7975 11
7976 11
7977 11
7978 11
7979 11
7980 11
7981 11
7982 11
7983 11
7984 11
7985 11
7986 11
7987 11
7988 11
7989 11
7990 11
7991 11
7992 11
7993 11
7994 11
7995 11
7996 11
7997 11
7998 11
7999 11
8000 11
8001 11
8002 11
8003 11
8004 11
8005 11
8006 11
8007 11
8008 11
8009 11
8010 11
8011 11
8012 11
8013 11
8014 11
8015 11
8016 11
8017 11
8018 11
8019 11
8020 11
8021 11
8022 11
8023 11
8024 11
8025 11
8026 11
8027 11
8028 11
8029 11
8030 11
8031 11
8032 11
8033 11
8034 11
8035 11
8036 11
8037 11
8038 11
8039 11
8040 11
8041 11
8042 11
8043 11
8044 11
8045 11
8046 11
8047 11
8048 11
8049 11
8050 11
8051 11
8052 11
8053 11
8054 11
8055 11
8056 11
8057 11
8058 11
8059 11
8060 11
8061 11
8062 11
8063 11
8064 11
8065 11
8066 11
8067 11
8068 11
8069 11
8070 11
8071 11
8072 11
8073 11
8074 11
8075 11
8076 11
8077 11
8078 11
8079 11
8080 11
8081 11
8082 11
8083 11
8084 11
8085 11
8086 11
8087 11
8088 11
8089 11
8090 11
8091 11
8092 11
8093 11
8094 11
8095 11
8096 11
8097 11
8098 11
8099 11
8100 11
8101 11
8102 11
8103 11
8104 11
8105 11
8106 11
8107 11
8108 11
8109 11
8110 11
8111 11
8112 11
8113 11
8114 11
8115 11
8116 11
8117 11
8118 11
8119 11
8120 11
8121 11
8122 11
8123 11
8124 11
8125 11
8126 11
8127 11
8128 11
8129 11
8130 11
8131 11
8132 11
8133 11
8134 11
8135 11
8136 11
8137 11
8138 11
8139 11
8140 11
8141 11
8142 11
8143 11
8144 11
8145 11
8146 11
8147 11
8148 11
8149 11
8150 11
8151 11
8152 11
8153 11
8154 11
8155 11
8156 11
8157 11
8158 11
8159 11
8160 11
8161 11
8162 11
8163 11
8164 11
8165 11
8166 11
8167 11
8168 11
8169 11
8170 11
8171 11
8172 11
8173 11
8174 11
8175 11
8176 11
8177 11
8178 11
8179 11
8180 11
8181 11
8182 11
8183 11
8184 11
8185 11
8186 11
8187 11
8188 11
8189 11
8190 11
8191 11
8192 11
8193 11
8194 11
8195 11
8196 11
8197 11
8198 11
8199 11
8200 11
8201 11
8202 11
8203 11
8204 11
8205 11
8206 11
8207 11
8208 11
8209 11
8210 11
8211 11
8212 11
8213 11
8214 11
8215 11
8216 11
8217 11
8218 11
8219 11
8220 11
8221 11
8222 11
8223 11
8224 11
8225 11
8226 11
8227 11
8228 11
8229 11
8230 11
8231 11
8232 11
8233 11
8234 11
8235 11
8236 11
8237 11
8238 11
8239 11
8240 11
8241 11
8242 11
8243 11
8244 11
8245 11
8246 11
8247 11
8248 11
8249 11
8250 11
8251 11
8252 11
8253 11
8254 11
8255 11
8256 11
8257 11
8258 11
8259 11
8260 11
8261 11
8262 11
8263 11
8264 11
8265 11
8266 11
8267 11
8268 11
8269 11
8270 11
8271 11
8272 11
8273 11
8274 11
8275 11
8276 11
8277 11
8278 11
8279 11
8280 11
8281 11
8282 11
8283 11
8284 11
8285 11
8286 11
8287 11
8288 11
8289 11
8290 11
8291 11
8292 11
8293 11
8294 11
8295 11
8296 11
8297 11
8298 11
8299 11
8300 11
8301 11
8302 11
8303 11
8304 11
8305 11
8306 11
8307 11
8308 11
8309 11
8310 11
8311 11
8312 11
8313 11
8314 11
8315 11
8316 11
8317 11
8318 11
8319 11
8320 11
8321 11
8322 11
8323 11
8324 11
8325 11
8326 11
8327 11
8328 11
8329 11
8330 11
8331 11
8332 11
8333 11
8334 11
8335 11
8336 11
8337 11
8338 11
8339 11
8340 11
8341 11
8342 11
8343 11
8344 11
8345 11
8346 11
8347 11
8348 11
8349 11
8350 11
8351 11
8352 11
8353 11
8354 11
8355 11
8356 11
8357 11
8358 11
8359 11
8360 11
8361 11
8362 11
8363 11
8364 11
8365 11
8366 11
8367 11
8368 11
8369 11
8370 11
8371 11
8372 11
8373 11
8374 11
8375 11
8376 11
8377 11
8378 11
8379 11
8380 11
8381 11
8382 11
8383 11
8384 11
8385 11
8386 11
8387 11
8388 11
8389 11
8390 11
8391 11
8392 11
8393 11
8394 11
8395 11
8396 11
8397 11
8398 11
8399 11
8400 11
8401 11
8402 11
8403 11
8404 11
8405 11
8406 11
8407 11
8408 11
8409 11
8410 11
8411 11
8412 11
8413 11
8414 11
8415 11
8416 11
8417 11
8418 11
8419 11
8420 11
8421 11
8422 11
8423 11
8424 11
8425 11
8426 11
8427 11
8428 11
8429 11
8430 11
8431 11
8432 11
8433 11
8434 11
8435 11
8436 11
8437 11
8438 11
8439 11
8440 11
8441 11
8442 11
8443 11
8444 11
8445 11
8446 11
8447 11
8448 11
8449 11
8450 11
8451 11
8452 11
8453 11
8454 11
8455 11
8456 11
8457 11
8458 11
8459 11
8460 11
8461 11
8462 11
8463 11
8464 11
8465 11
8466 11
8467 11
8468 11
8469 11
8470 11
8471 11
8472 11
8473 11
8474 11
8475 11
8476 11
8477 11
8478 11
8479 11
8480 11
8481 11
8482 11
8483 11
8484 11
8485 11
8486 11
8487 11
8488 11
8489 11
8490 11
8491 11
8492 11
8493 11
8494 11
8495 11
8496 11
8497 11
8498 11
8499 11
8500 11
8501 11
8502 11
8503 11
8504 11
8505 11
8506 11
8507 11
8508 11
8509 11
8510 11
8511 11
8512 11
8513 11
8514 11
8515 11
8516 11
8517 11
8518 11
8519 11
8520 11
8521 11
8522 11
8523 11
8524 11
8525 11
8526 11
8527 11
8528 11
8529 11
8530 11
8531 11
8532 11
8533 11
8534 11
8535 11
8536 11
8537 11
8538 11
8539 11
8540 11
8541 11
8542 11
8543 11
8544 11
8545 11
8546 11
8547 11
8548 11
8549 11
8550 11
8551 11
8552 11
8553 11
8554 11
8555 11
8556 11
8557 11
8558 11
8559 11
8560 11
8561 11
8562 11
8563 11
8564 11
8565 11
8566 11
8567 11
8568 11
8569 11
8570 11
8571 11
8572 11
8573 11
8574 11
8575 11
8576 11
8577 11
8578 11
8579 11
8580 11
8581 11
8582 11
8583 11
8584 11
8585 11
8586 11
8587 11
8588 11
8589 11
8590 11
8591 11
8592 11
8593 11
8594 11
8595 11
8596 11
8597 11
8598 11
8599 11
8600 11
8601 11
8602 11
8603 11
8604 11
8605 11
8606 11
8607 11
8608 11
8609 11
8610 11
8611 11
8612 11
8613 11
8614 11
8615 11
8616 11
8617 11
8618 11
8619 11
8620 11
8621 11
8622 11
8623 11
8624 11
8625 11
8626 11
8627 11
8628 11
8629 11
8630 11
8631 11
8632 11
8633 11
8634 11
8635 11
8636 11
8637 11
8638 11
8639 11
8640 11
8641 11
8642 11
8643 11
8644 11
8645 11
8646 11
8647 11
8648 11
8649 11
8650 11
8651 11
8652 11
8653 11
8654 11
8655 11
8656 11
8657 11
8658 11
8659 11
8660 11
8661 11
8662 11
8663 11
8664 11
8665 11
8666 11
8667 11
8668 11
8669 11
8670 11
8671 11
8672 11
8673 11
8674 11
8675 11
8676 11
8677 11
8678 11
8679 11
8680 11
8681 11
8682 11
8683 11
8684 11
8685 11
8686 11
8687 11
8688 11
8689 11
8690 11
8691 11
8692 11
8693 11
8694 11
8695 11
8696 11
8697 11
8698 11
8699 11
8700 11
8701 11
8702 11
8703 11
8704 11
8705 11
8706 11
8707 11
8708 11
8709 11
8710 11
8711 11
8712 11
8713 11
8714 11
8715 11
8716 11
8717 11
8718 11
8719 11
8720 11
8721 11
8722 11
8723 11
8724 11
8725 11
8726 11
8727 11
8728 11
8729 11
8730 11
8731 11
8732 11
8733 11
8734 11
8735 11
8736 11
8737 11
8738 11
8739 11
8740 11
8741 11
8742 11
8743 11
8744 11
8745 11
8746 11
8747 11
8748 11
8749 11
8750 11
8751 11
8752 11
8753 11
8754 11
8755 11
8756 11
8757 11
8758 11
8759 11
8760 11
8761 11
8762 11
8763 11
8764 11
8765 11
8766 11
8767 11
8768 11
8769 11
8770 11
8771 11
8772 11
8773 11
8774 11
8775 11
8776 11
8777 11
8778 11
8779 11
8780 11
8781 11
8782 11
8783 11
8784 11
8785 11
8786 11
8787 11
8788 11
8789 11
8790 11
8791 11
8792 11
8793 11
8794 11
8795 11
8796 11
8797 11
8798 11
8799 11
8800 11
8801 11
8802 11
8803 11
8804 11
8805 11
8806 11
8807 11
8808 11
8809 11
8810 11
8811 11
8812 11
8813 11
8814 11
8815 11
8816 11
8817 11
8818 11
8819 11
8820 11
8821 11
8822 11
8823 11
8824 11
8825 11
8826 11
8827 11
8828 11
8829 11
8830 11
8831 11
8832 11
8833 11
8834 11
8835 11
8836 11
8837 11
8838 11
8839 11
8840 11
8841 11
8842 11
8843 11
8844 11
8845 11
8846 11
8847 11
8848 11
8849 11
8850 11
8851 11
8852 11
8853 11
8854 11
8855 11
8856 11
8857 11
8858 11
8859 11
8860 11
8861 11
8862 11
8863 11
8864 11
8865 11
8866 11
8867 11
8868 11
8869 11
8870 11
8871 11
8872 11
8873 11
8874 11
8875 11
8876 11
8877 11
8878 11
8879 11
8880 11
8881 11
8882 11
8883 11
8884 11
8885 11
8886 11
8887 11
8888 11
8889 11
8890 11
8891 11
8892 11
8893 11
8894 11
8895 11
8896 11
8897 11
8898 11
8899 11
8900 11
8901 11
8902 11
8903 11
8904 11
8905 11
8906 11
8907 11
8908 11
8909 12
8910 12
8911 12
8912 12
8913 12
8914 12
8915 12
8916 12
8917 12
8918 12
8919 12
8920 12
8921 12
8922 12
8923 12
8924 12
8925 12
8926 12
8927 12
8928 12
8929 12
8930 12
8931 12
8932 12
8933 12
8934 12
8935 12
8936 12
8937 12
8938 12
8939 12
8940 12
8941 12
8942 12
8943 12
8944 12
8945 12
8946 12
8947 12
8948 12
8949 12
8950 12
8951 12
8952 12
8953 12
8954 12
8955 12
8956 12
8957 12
8958 12
8959 12
8960 12
8961 12
8962 12
8963 12
8964 12
8965 12
8966 12
8967 12
8968 12
8969 12
8970 12
8971 12
8972 12
8973 12
8974 12
8975 12
8976 12
8977 12
8978 12
8979 12
8980 12
8981 12
8982 12
8983 12
8984 12
8985 12
8986 12
8987 12
8988 12
8989 12
8990 12
8991 12
8992 12
8993 12
8994 12
8995 12
8996 12
8997 12
8998 12
8999 12
9000 12
9001 12
9002 12
9003 12
9004 12
9005 12
9006 12
9007 12
9008 12
9009 12
9010 12
9011 12
9012 12
9013 12
9014 12
9015 12
9016 12
9017 12
9018 12
9019 12
9020 12
9021 12
9022 12
9023 12
9024 12
9025 12
9026 12
9027 12
9028 12
9029 12
9030 12
9031 12
9032 12
9033 12
9034 12
9035 12
9036 12
9037 12
9038 12
9039 12
9040 12
9041 12
9042 12
9043 12
9044 12
9045 12
9046 12
9047 12
9048 12
9049 12
9050 12
9051 12
9052 12
9053 12
9054 12
9055 12
9056 12
9057 12
9058 12
9059 12
9060 12
9061 12
9062 12
9063 12
9064 12
9065 12
9066 12
9067 12
9068 12
9069 12
9070 12
9071 12
9072 12
9073 12
9074 12
9075 12
9076 12
9077 12
9078 12
9079 12
9080 12
9081 12
9082 12
9083 12
9084 12
9085 12
9086 12
9087 12
9088 12
9089 12
9090 12
9091 12
9092 12
9093 12
9094 12
9095 12
9096 12
9097 12
9098 12
9099 12
9100 12
9101 12
9102 12
9103 12
9104 12
9105 12
9106 12
9107 12
9108 12
9109 12
9110 12
9111 12
9112 12
9113 12
9114 12
9115 12
9116 12
9117 12
9118 12
9119 12
9120 12
9121 12
9122 12
9123 12
9124 12
9125 12
9126 12
9127 12
9128 12
9129 12
9130 12
9131 12
9132 12
9133 12
9134 12
9135 12
9136 12
9137 12
9138 12
9139 12
9140 12
9141 12
9142 12
9143 12
9144 12
9145 12
9146 12
9147 12
9148 12
9149 12
9150 12
9151 12
9152 12
9153 12
9154 12
9155 12
9156 12
9157 12
9158 12
9159 12
9160 12
9161 12
9162 12
9163 12
9164 12
9165 12
9166 12
9167 12
9168 12
9169 12
9170 12
9171 12
9172 12
9173 12
9174 12
9175 12
9176 12
9177 12
9178 12
9179 12
9180 12
9181 12
9182 12
9183 12
9184 12
9185 12
9186 12
9187 12
9188 12
9189 12
9190 12
9191 12
9192 12
9193 12
9194 12
9195 12
9196 12
9197 12
9198 12
9199 12
9200 12
9201 12
9202 12
9203 12
9204 12
9205 12
9206 12
9207 12
9208 12
9209 12
9210 12
9211 12
9212 12
9213 12
9214 12
9215 12
9216 12
9217 12
9218 12
9219 12
9220 12
9221 12
9222 12
9223 12
9224 12
9225 12
9226 12
9227 12
9228 12
9229 12
9230 12
9231 12
9232 12
9233 12
9234 12
9235 12
9236 12
9237 12
9238 12
9239 12
9240 12
9241 12
9242 12
9243 12
9244 12
9245 12
9246 12
9247 12
9248 12
9249 12
9250 12
9251 12
9252 12
9253 12
9254 12
9255 12
9256 12
9257 12
9258 12
9259 12
9260 12
9261 12
9262 12
9263 12
9264 12
9265 12
9266 12
9267 12
9268 12
9269 12
9270 12
9271 12
9272 12
9273 12
9274 12
9275 12
9276 12
9277 12
9278 12
9279 12
9280 12
9281 12
9282 12
9283 12
9284 12
9285 12
9286 12
9287 12
9288 12
9289 12
9290 12
9291 12
9292 12
9293 12
9294 12
9295 12
9296 12
9297 12
9298 12
9299 12
9300 12
9301 12
9302 12
9303 12
9304 12
9305 12
9306 12
9307 12
9308 12
9309 12
9310 12
9311 12
9312 12
9313 12
9314 12
9315 12
9316 12
9317 12
9318 12
9319 12
9320 12
9321 12
9322 12
9323 12
9324 12
9325 12
9326 12
9327 12
9328 12
9329 12
9330 12
9331 12
9332 12
9333 12
9334 12
9335 12
9336 12
9337 12
9338 12
9339 12
9340 12
9341 12
9342 12
9343 12
9344 12
9345 12
9346 12
9347 12
9348 12
9349 12
9350 12
9351 12
9352 12
9353 12
9354 12
9355 12
9356 12
9357 12
9358 12
9359 12
9360 12
9361 12
9362 12
9363 12
9364 12
9365 12
9366 12
9367 12
9368 12
9369 12
9370 12
9371 12
9372 12
9373 12
9374 12
9375 12
9376 12
9377 12
9378 12
9379 12
9380 12
9381 12
9382 12
9383 12
9384 12
9385 12
9386 12
9387 12
9388 12
9389 12
9390 12
9391 12
9392 12
9393 12
9394 12
9395 12
9396 12
9397 12
9398 12
9399 12
9400 12
9401 12
9402 12
9403 12
9404 12
9405 12
9406 12
9407 12
9408 12
9409 12
9410 12
9411 12
9412 12
9413 12
9414 12
9415 12
9416 12
9417 12
9418 12
9419 12
9420 12
9421 12
9422 12
9423 12
9424 12
9425 12
9426 12
9427 12
9428 12
9429 12
9430 12
9431 12
9432 12
9433 12
9434 12
9435 12
9436 12
9437 12
9438 12
9439 12
9440 12
9441 12
9442 12
9443 12
9444 12
9445 12
9446 12
9447 12
9448 12
9449 12
9450 12
9451 12
9452 12
9453 12
9454 12
9455 12
9456 12
9457 12
9458 12
9459 12
9460 12
9461 12
9462 12
9463 12
9464 12
9465 12
9466 12
9467 12
9468 12
9469 12
9470 12
9471 12
9472 12
9473 12
9474 12
9475 12
9476 12
9477 12
9478 12
9479 12
9480 12
9481 12
9482 12
9483 12
9484 12
9485 12
9486 12
9487 12
9488 12
9489 12
9490 12
9491 12
9492 12
9493 12
9494 12
9495 12
9496 12
9497 12
9498 12
9499 12
9500 12
9501 12
9502 12
9503 12
9504 12
9505 12
9506 12
9507 12
9508 12
9509 12
9510 12
9511 12
9512 12
9513 12
9514 12
9515 12
9516 12
9517 12
9518 12
9519 12
9520 12
9521 12
9522 12
9523 12
9524 12
9525 12
9526 12
9527 12
9528 12
9529 12
9530 12
9531 12
9532 12
9533 12
9534 12
9535 12
9536 12
9537 12
9538 12
9539 12
9540 12
9541 12
9542 12
9543 12
9544 12
9545 12
9546 12
9547 12
9548 12
9549 12
9550 12
9551 12
9552 12
9553 12
9554 12
9555 12
9556 12
9557 12
9558 12
9559 12
9560 12
9561 12
9562 12
9563 12
9564 12
9565 12
9566 12
9567 12
9568 12
9569 12
9570 12
9571 12
9572 12
9573 12
9574 12
9575 12
9576 12
9577 12
9578 12
9579 12
9580 12
9581 12
9582 12
9583 12
9584 12
9585 12
9586 12
9587 12
9588 12
9589 12
9590 12
9591 12
9592 12
9593 12
9594 12
9595 12
9596 12
9597 12
9598 12
9599 12
9600 12
9601 12
9602 12
9603 12
9604 12
9605 12
9606 12
9607 12
9608 12
9609 12
9610 12
9611 12
9612 12
9613 12
9614 12
9615 12
9616 12
9617 12
9618 12
9619 12
9620 12
9621 12
9622 12
9623 12
9624 12
9625 12
9626 12
9627 12
9628 12
9629 12
9630 12
9631 12
9632 12
9633 12
9634 12
9635 12
9636 12
9637 12
9638 12
9639 12
9640 12
9641 12
9642 12
9643 12
9644 12
9645 12
9646 12
9647 12
9648 12
9649 12
9650 12
9651 12
9652 12
9653 12
9654 12
9655 12
9656 12
9657 12
9658 12
9659 12
9660 12
9661 12
9662 12
9663 12
9664 12
9665 12
9666 12
9667 12
9668 12
9669 12
9670 12
9671 12
9672 12
9673 12
9674 12
9675 12
9676 12
9677 12
9678 12
9679 12
9680 12
9681 12
9682 12
9683 12
9684 12
9685 12
9686 12
9687 12
9688 12
9689 12
9690 12
9691 12
9692 12
9693 12
9694 12
9695 12
9696 12
9697 12
9698 12
9699 12
9700 12
9701 12
9702 12
9703 12
9704 12
9705 12
9706 12
9707 12
9708 12
9709 12
9710 12
9711 12
9712 12
9713 12
9714 12
9715 12
9716 12
9717 12
9718 12
9719 12
9720 12
9721 12
9722 12
9723 12
9724 12
9725 12
9726 12
9727 12
9728 12
9729 12
9730 12
9731 12
9732 12
9733 12
9734 12
9735 12
9736 12
9737 12
9738 12
9739 12
9740 12
9741 12
9742 12
9743 12
9744 12
9745 12
9746 12
9747 12
9748 12
9749 12
9750 12
9751 12
9752 12
9753 12
9754 12
9755 12
9756 12
9757 12
9758 12
9759 12
9760 12
9761 12
9762 12
9763 12
9764 12
9765 12
9766 12
9767 12
9768 12
9769 12
9770 12
9771 12
9772 12
9773 12
9774 12
9775 12
9776 12
9777 12
9778 12
9779 12
9780 12
9781 12
9782 12
9783 12
9784 12
9785 12
9786 12
9787 12
9788 12
9789 12
9790 12
9791 12
9792 12
9793 12
9794 12
9795 12
9796 12
9797 12
9798 12
9799 12
9800 12
9801 12
9802 12
9803 12
9804 12
9805 12
9806 12
9807 12
9808 12
9809 12
9810 12
9811 12
9812 12
9813 12
9814 12
9815 12
9816 12
9817 12
9818 12
9819 12
9820 12
9821 12
9822 12
9823 12
9824 12
9825 12
9826 12
9827 12
9828 12
9829 12
9830 12
9831 12
9832 12
9833 12
9834 12
9835 12
9836 12
9837 12
9838 12
9839 12
9840 12
9841 12
9842 12
9843 12
9844 12
9845 12
9846 12
9847 12
9848 12
9849 12
9850 12
9851 12
9852 12
9853 12
9854 12
9855 12
9856 12
9857 12
9858 12
9859 12
9860 12
9861 12
9862 12
9863 12
9864 12
9865 12
9866 12
9867 12
9868 12
9869 12
9870 12
9871 12
9872 12
9873 12
9874 12
9875 12
9876 12
9877 12
9878 12
9879 12
9880 12
9881 12
9882 12
9883 12
9884 12
9885 12
9886 12
9887 12
9888 12
9889 12
9890 12
9891 12
9892 12
9893 12
9894 12
9895 12
9896 12
9897 12
9898 12
9899 12
9900 12
9901 12
9902 12
9903 12
9904 12
9905 12
9906 12
9907 12
9908 12
9909 12
9910 12
9911 12
9912 12
9913 12
9914 12
9915 12
9916 12
9917 12
9918 12
9919 12
9920 12
9921 12
9922 12
9923 12
9924 12
9925 12
9926 12
9927 12
9928 12
9929 12
9930 12
9931 12
9932 12
9933 12
9934 12
9935 12
9936 12
9937 12
9938 12
9939 12
9940 12
9941 12
9942 12
9943 12
9944 12
9945 12
9946 12
9947 12
9948 12
9949 12
9950 12
9951 12
9952 12
9953 12
9954 12
9955 12
9956 12
9957 12
9958 12
9959 12
9960 12
9961 12
9962 12
9963 12
9964 12
9965 12
9966 12
9967 12
9968 12
9969 12
9970 12
9971 12
9972 12
9973 12
9974 12
9975 12
9976 12
9977 12
9978 12
9979 12
9980 12
9981 12
9982 12
9983 12
9984 12
9985 12
9986 12
9987 12
9988 12
9989 12
9990 12
9991 12
9992 12
9993 12
9994 12
9995 12
9996 12
9997 12
9998 12
9999 12
10000 12
