% time handles
0 1
10 1
20 2
30 3
40 4
50 5
60 5
70 6
80 6
90 6
100 6
110 6
120 6
130 6
140 6
150 6
160 6
170 6
180 6
190 6
200 6
210 6
220 6
230 6
240 6
250 6
260 6
270 6
280 6
290 6
300 6
310 6
320 6
330 6
340 7
350 8
360 9
370 10
380 11
390 12
400 12
410 12
420 12
430 12
440 12
450 12
460 12
470 12
480 12
490 12
500 12
510 12
520 12
530 12
540 12
550 12
560 12
570 12
580 12
590 12
600 12
610 12
620 12
630 12
640 12
650 12
660 12
670 12
680 12
690 12
700 12
710 12
720 12
730 12
740 12
750 12
760 12
770 12
780 12
790 12
800 12
810 12
820 12
830 12
840 12
850 12
860 11
870 11
880 10
890 10
900 10
910 10
920 11
930 11
940 12
950 12
960 12
970 12
980 12
990 12
1000 12
1010 12
1020 12
1030 12
1040 12
1050 12
1060 12
1070 12
1080 12
1090 12
1100 12
1110 12
1120 12
1130 12
1140 12
1150 12
1160 12
1170 12
1180 12
1190 12
1200 12
1210 12
1220 12
1230 12
1240 12
1250 12
1260 12
1270 11
1280 10
1290 9
1300 8
1310 8
1320 8
1330 9
1340 9
1350 9
1360 9
1370 8
1380 7
1390 6
1400 6
1410 6
1420 6
1430 7
1440 7
1450 7
1460 7
1470 8
1480 9
1490 8
1500 8
1510 8
1520 8
1530 7
1540 6
1550 7
1560 7
1570 7
1580 8
1590 8
1600 8
1610 7
1620 7
1630 7
1640 6
1650 6
1660 6
1670 6
1680 6
1690 6
1700 6
1710 6
1720 6
1730 6
1740 6
1750 6
1760 6
1770 6
1780 6
1790 6
1800 6
1810 6
1820 6
1830 6
1840 6
1850 6
1860 6
1870 5
1880 5
1890 5
1900 5
1910 5
1920 5
1930 7
1940 8
1950 9
1960 10
1970 11
1980 12
1990 12
2000 12
2010 12
2020 12
2030 12
2040 11
2050 10
2060 9
2070 9
2080 9
2090 9
2100 10
2110 11
2120 12
2130 12
2140 12
2150 12
2160 12
2170 12
2180 12
2190 12
2200 12
2210 12
2220 12
2230 12
2240 12
2250 12
2260 12
2270 12
2280 12
2290 12
2300 12
2310 12
2320 12
2330 12
2340 12
2350 12
2360 12
2370 12
2380 11
2390 10
2400 9
2410 8
2420 7
2430 7
2440 8
2450 9
2460 10
2470 11
2480 12
2490 12
2500 12
2510 12
2520 12
2530 12
2540 12
2550 12
2560 12
2570 12
2580 12
2590 12
2600 12
2610 12
2620 12
2630 12
2640 12
2650 11
2660 10
2670 9
2680 8
2690 7
2700 6
2710 6
2720 6
2730 6
2740 6
2750 6
2760 6
2770 6
2780 6
2790 7
2800 8
2810 9
2820 9
2830 10
2840 11
2850 11
2860 11
2870 11
2880 12
2890 12
2900 12
2910 12
2920 12
2930 12
2940 12
2950 11
2960 11
2970 11
2980 11
2990 11
3000 11
3010 12
3020 12
3030 12
3040 12
3050 12
3060 12
3070 12
3080 12
3090 11
3100 11
3110 11
3120 11
3130 11
3140 11
3150 12
3160 12
3170 11
3180 12
3190 11
3200 11
3210 11
3220 11
3230 12
3240 11
3250 12
3260 12
3270 12
3280 12
3290 12
3300 12
3310 12
3320 12
3330 12
3340 12
3350 12
3360 12
3370 12
3380 12
3390 12
3400 12
3410 12
3420 12
3430 12
3440 12
3450 12
3460 12
3470 12
3480 12
3490 12
3500 12
3510 12
3520 12
3530 12
3540 12
3550 12
3560 12
3570 12
3580 12
3590 12
3600 12
3610 12
3620 12
3630 12
3640 12
3650 12
3660 12
3670 12
3680 12
3690 12
3700 12
3710 12
3720 12
3730 12
3740 12
3750 12
3760 12
3770 12
3780 12
3790 12
3800 12
3810 12
3820 11
3830 10
3840 9
3850 9
3860 8
3870 7
3880 7
3890 7
3900 7
3910 6
3920 6
3930 7
3940 7
3950 7
3960 7
3970 7
3980 7
3990 6
4000 6
4010 6
4020 7
4030 8
4040 9
4050 10
4060 11
4070 12
4080 12
4090 12
4100 12
4110 12
4120 12
4130 11
4140 10
4150 9
4160 8
4170 8
4180 8
4190 9
4200 10
4210 11
4220 12
4230 12
4240 12
4250 12
4260 12
4270 12
4280 12
4290 11
4300 10
4310 9
4320 8
4330 7
4340 6
4350 6
4360 7
4370 8
4380 9
4390 10
4400 11
4410 12
4420 11
4430 10
4440 9
4450 8
4460 7
4470 6
4480 6
4490 6
4500 6
4510 6
4520 6
4530 7
4540 7
4550 7
4560 7
4570 7
4580 7
4590 6
4600 6
4610 6
4620 6
4630 6
4640 6
4650 6
4660 6
4670 6
4680 6
4690 6
4700 6
4710 6
4720 7
4730 7
4740 7
4750 7
4760 7
4770 7
4780 6
4790 6
4800 7
4810 8
4820 9
4830 10
4840 11
4850 12
4860 12
4870 12
4880 12
4890 12
4900 12
4910 11
4920 11
4930 11
4940 11
4950 10
4960 10
4970 11
4980 11
4990 10
5000 9
5010 9
5020 9
5030 8
5040 7
5050 7
5060 7
5070 7
5080 6
5090 7
5100 8
5110 9
5120 10
5130 11
5140 12
5150 12
5160 12
5170 12
5180 12
5190 12
5200 12
5210 12
5220 12
5230 12
5240 12
5250 12
5260 12
5270 12
5280 12
5290 12
5300 12
5310 12
5320 12
5330 12
5340 11
5350 10
5360 9
5370 9
5380 8
5390 7
5400 7
5410 8
5420 9
5430 9
5440 10
5450 11
5460 12
5470 12
5480 12
5490 12
5500 12
5510 12
5520 11
5530 10
5540 9
5550 9
5560 9
5570 9
5580 10
5590 11
5600 12
5610 12
5620 11
5630 10
5640 9
5650 8
5660 7
5670 6
5680 6
5690 6
5700 6
5710 6
5720 6
5730 6
5740 6
5750 6
5760 6
5770 6
5780 6
5790 6
5800 7
5810 8
5820 9
5830 10
5840 11
5850 12
5860 11
5870 11
5880 11
5890 10
5900 9
5910 9
5920 10
5930 10
5940 10
5950 10
5960 10
5970 9
5980 8
5990 8
6000 7
6010 7
6020 7
6030 8
6040 8
6050 7
6060 7
6070 7
6080 8
6090 7
6100 7
6110 7
6120 8
6130 9
6140 9
6150 10
6160 10
6170 10
6180 9
6190 8
6200 7
6210 6
6220 5
6230 5
6240 5
6250 4
6260 3
6270 2
6280 2
6290 1
6300 0
6310 0
6320 0
6330 0
6340 0
6350 0
6360 0
6370 0
6380 0
6390 0
6400 0
6410 0
6420 0
6430 0
6440 0
6450 0
6460 0
6470 0
6480 0
6490 0
6500 0
6510 0
6520 0
6530 0
6540 0
6550 0
6560 0
6570 0
6580 0
6590 0
6600 0
6610 0
6620 0
6630 0
6640 0
6650 0
6660 0
6670 0
6680 0
6690 0
6700 0
6710 0
6720 0
6730 0
6740 0
6750 0
6760 0
6770 0
6780 0
6790 0
6800 0
6810 0
6820 0
6830 0
6840 0
6850 0
6860 0
6870 0
6880 0
6890 0
6900 0
6910 0
6920 0
6930 0
6940 0
6950 0
6960 0
6970 0
6980 0
6990 0
7000 0
7010 0
7020 0
7030 0
7040 0
7050 0
7060 0
7070 0
7080 0
7090 0
7100 0
7110 0
7120 0
7130 0
7140 0
7150 0
7160 0
7170 0
7180 0
7190 0
7200 0
