% time handles
0 0
10 0
20 0
30 0
40 1
50 1
60 1
70 1
80 1
90 1
100 0
110 0
120 0
130 0
140 0
150 0
160 0
170 0
180 0
190 0
200 1
210 1
220 2
230 2
240 2
250 2
260 1
270 1
280 1
290 1
300 1
310 1
320 1
330 1
340 0
350 0
360 0
370 1
380 1
390 1
400 1
410 1
420 2
430 2
440 3
450 3
460 4
470 4
480 3
490 2
500 1
510 2
520 2
530 2
540 3
550 4
560 4
570 3
580 2
590 2
600 2
610 1
620 1
630 2
640 2
650 2
660 1
670 1
680 2
690 2
700 3
710 4
720 6
730 6
740 6
750 5
760 4
770 3
780 2
790 2
800 2
810 4
820 4
830 4
840 4
850 4
860 4
870 2
880 4
890 4
900 4
910 5
920 4
930 4
940 2
950 3
960 2
970 2
980 3
990 4
1000 4
1010 3
1020 4
1030 4
1040 4
1050 4
1060 5
1070 6
1080 5
1090 4
1100 3
1110 2
1120 2
1130 2
1140 3
1150 3
1160 3
1170 4
1180 3
1190 3
1200 2
1210 4
1220 5
1230 4
1240 5
1250 4
1260 4
1270 2
1280 1
1290 1
1300 0
1310 0
1320 2
1330 3
1340 3
1350 3
1360 4
1370 4
1380 2
1390 1
1400 1
1410 1
1420 0
1430 1
1440 3
1450 3
1460 4
1470 4
1480 5
1490 5
1500 3
1510 3
1520 2
1530 2
1540 1
1550 0
1560 1
1570 2
1580 2
1590 3
1600 3
1610 3
1620 2
1630 1
1640 1
1650 1
1660 1
1670 1
1680 1
1690 1
1700 1
1710 1
1720 1
1730 1
1740 1
1750 1
1760 1
1770 1
1780 2
1790 2
1800 2
1810 2
1820 2
1830 1
1840 0
1850 1
1860 1
1870 2
1880 2
1890 2
1900 2
1910 1
1920 1
1930 1
1940 3
1950 4
1960 4
1970 4
1980 5
1990 5
2000 3
2010 2
2020 2
2030 2
2040 1
2050 0
2060 0
2070 0
2080 2
2090 2
2100 3
2110 4
2120 4
2130 4
2140 3
2150 3
2160 3
2170 3
2180 3
2190 4
2200 4
2210 5
2220 4
2230 4
2240 4
2250 3
2260 3
2270 4
2280 5
2290 5
2300 5
2310 6
2320 5
2330 4
2340 3
2350 2
2360 2
2370 1
2380 2
2390 1
2400 2
2410 2
2420 2
2430 2
2440 1
2450 1
2460 1
2470 2
2480 2
2490 2
2500 3
2510 3
2520 4
2530 5
2540 5
2550 5
2560 4
2570 5
2580 5
2590 4
2600 4
2610 4
2620 5
2630 4
2640 2
2650 1
2660 1
2670 1
2680 1
2690 1
2700 1
2710 1
2720 1
2730 2
2740 1
2750 1
2760 1
2770 1
2780 1
2790 0
2800 1
2810 3
2820 5
2830 5
2840 5
2850 5
2860 5
2870 3
2880 2
2890 3
2900 3
2910 4
2920 3
2930 3
2940 2
2950 2
2960 2
2970 1
2980 3
2990 4
3000 5
3010 4
3020 4
3030 5
3040 5
3050 5
3060 4
3070 4
3080 5
3090 4
3100 3
3110 2
3120 2
3130 4
3140 3
3150 3
3160 2
3170 2
3180 3
3190 1
3200 2
3210 2
3220 3
3230 3
3240 2
3250 3
3260 2
3270 2
3280 1
3290 3
3300 4
3310 3
3320 4
3330 4
3340 4
3350 3
3360 3
3370 4
3380 4
3390 5
3400 5
3410 4
3420 4
3430 5
3440 4
3450 3
3460 4
3470 6
3480 6
3490 5
3500 6
3510 6
3520 5
3530 3
3540 3
3550 3
3560 3
3570 3
3580 4
3590 4
3600 3
3610 3
3620 4
3630 5
3640 4
3650 4
3660 5
3670 5
3680 3
3690 2
3700 2
3710 4
3720 5
3730 4
3740 4
3750 5
3760 5
3770 3
3780 2
3790 2
3800 2
3810 2
3820 2
3830 2
3840 2
3850 2
3860 3
3870 3
3880 3
3890 3
3900 2
3910 2
3920 2
3930 1
3940 1
3950 2
3960 2
3970 2
3980 1
3990 1
4000 2
4010 2
4020 2
4030 3
4040 4
4050 5
4060 5
4070 4
4080 4
4090 4
4100 5
4110 5
4120 4
4130 4
4140 4
4150 3
4160 2
4170 1
4180 2
4190 4
4200 4
4210 4
4220 4
4230 5
4240 4
4250 2
4260 2
4270 3
4280 2
4290 1
4300 2
4310 2
4320 3
4330 2
4340 2
4350 2
4360 1
4370 3
4380 4
4390 5
4400 5
4410 5
4420 7
4430 6
4440 4
4450 3
4460 3
4470 3
4480 2
4490 1
4500 1
4510 1
4520 2
4530 3
4540 2
4550 2
4560 2
4570 2
4580 1
4590 1
4600 2
4610 2
4620 2
4630 2
4640 2
4650 1
4660 0
4670 0
4680 1
4690 1
4700 1
4710 1
4720 2
4730 3
4740 2
4750 2
4760 2
4770 2
4780 2
4790 1
4800 2
4810 3
4820 4
4830 4
4840 3
4850 4
4860 4
4870 3
4880 2
4890 2
4900 3
4910 3
4920 2
4930 3
4940 4
4950 4
4960 5
4970 5
4980 5
4990 5
5000 4
5010 4
5020 2
5030 2
5040 2
5050 1
5060 1
5070 2
5080 3
5090 2
5100 3
5110 4
5120 4
5130 3
5140 2
5150 2
5160 1
5170 2
5180 3
5190 4
5200 5
5210 5
5220 6
5230 5
5240 5
5250 5
5260 4
5270 4
5280 3
5290 2
5300 1
5310 1
5320 3
5330 3
5340 3
5350 4
5360 5
5370 4
5380 2
5390 3
5400 3
5410 3
5420 2
5430 4
5440 5
5450 4
5460 4
5470 4
5480 5
5490 4
5500 4
5510 4
5520 5
5530 4
5540 3
5550 3
5560 2
5570 3
5580 4
5590 4
5600 4
5610 3
5620 4
5630 3
5640 1
5650 2
5660 3
5670 3
5680 2
5690 2
5700 3
5710 2
5720 1
5730 1
5740 2
5750 2
5760 1
5770 1
5780 2
5790 3
5800 3
5810 4
5820 5
5830 5
5840 4
5850 3
5860 3
5870 3
5880 3
5890 4
5900 4
5910 5
5920 5
5930 5
5940 4
5950 4
5960 4
5970 3
5980 2
5990 2
6000 2
6010 1
6020 2
6030 3
6040 4
6050 4
6060 4
6070 4
6080 3
6090 4
6100 4
6110 3
6120 4
6130 6
6140 8
6150 7
6160 8
6170 9
6180 9
6190 8
6200 7
6210 7
6220 6
6230 5
6240 5
6250 5
6260 4
6270 3
6280 2
6290 2
6300 1
6310 0
6320 0
6330 0
6340 0
6350 0
6360 0
6370 0
6380 0
6390 0
6400 0
6410 0
6420 0
6430 0
6440 0
6450 0
6460 0
6470 0
6480 0
6490 0
6500 0
6510 0
6520 0
6530 0
6540 0
6550 0
6560 0
6570 0
6580 0
6590 0
6600 0
6610 0
6620 0
6630 0
6640 0
6650 0
6660 0
6670 0
6680 0
6690 0
6700 0
6710 0
6720 0
6730 0
6740 0
6750 0
6760 0
6770 0
6780 0
6790 0
6800 0
6810 0
6820 0
6830 0
6840 0
6850 0
6860 0
6870 0
6880 0
6890 0
6900 0
6910 0
6920 0
6930 0
6940 0
6950 0
6960 0
6970 0
6980 0
6990 0
7000 0
7010 0
7020 0
7030 0
7040 0
7050 0
7060 0
7070 0
7080 0
7090 0
7100 0
7110 0
7120 0
7130 0
7140 0
7150 0
7160 0
7170 0
7180 0
7190 0
7200 0
